[gd_scene load_steps=58 format=3 uid="uid://d17ng66g5ru6y"]

[ext_resource type="PackedScene" uid="uid://dbmoi5f76yo36" path="res://shared/player.tscn" id="1_7j1kp"]
[ext_resource type="Script" path="res://islands/neko_hacker/neko_world_loader.gd" id="1_86hvk"]
[ext_resource type="AudioStream" uid="uid://dprqvi6emadk8" path="res://addons/contrib/happydiamo_nekohacker_phase_1.mp3" id="1_m4ln8"]
[ext_resource type="Texture2D" uid="uid://ba4plgu5qrcg2" path="res://shared/sky/neko/spacescape.exr" id="2_2f2xg"]
[ext_resource type="PackedScene" uid="uid://igunt2eyo7yq" path="res://shared/npc/npc_character.tscn" id="2_sy3b2"]
[ext_resource type="Script" path="res://follow_camera.gd" id="4_ggigq"]
[ext_resource type="Texture2D" uid="uid://bdhlmva24gqqc" path="res://islands/neko_hacker/binary.png" id="4_hexcu"]
[ext_resource type="ArrayMesh" uid="uid://b2eq4qgyyxe28" path="res://islands/neko_hacker/microphone.obj" id="5_ilkbb"]
[ext_resource type="Script" path="res://shared/npc/npc_holding.gd" id="5_o8wuw"]
[ext_resource type="ArrayMesh" uid="uid://c2m4e46t20hdc" path="res://islands/neko_hacker/guitar.obj" id="6_05cld"]
[ext_resource type="PackedScene" uid="uid://w2nb3hku11pg" path="res://ui/ui.tscn" id="7_47jc1"]
[ext_resource type="Shader" path="res://shaders/paper_material.gdshader" id="7_x6s04"]
[ext_resource type="Texture2D" uid="uid://bkbgyrqdfaeer" path="res://shaders/res/paper_0026_color_4k.jpg" id="8_824jw"]
[ext_resource type="Texture2D" uid="uid://dmtowuxps167p" path="res://shaders/res/paper_0026_normal_opengl_4k.png" id="9_w4ddl"]
[ext_resource type="Texture2D" uid="uid://bag7nnesrme58" path="res://shaders/res/paper_0026_roughness_4k.jpg" id="10_16tpb"]
[ext_resource type="PackedScene" uid="uid://bimaorkxlb84v" path="res://shared/quickwarp/quickwarp.tscn" id="11_j6tda"]
[ext_resource type="PackedScene" uid="uid://c5r668vdr1t38" path="res://islands/neko_hacker/concert_stage.tscn" id="15_aocob"]
[ext_resource type="PackedScene" uid="uid://cnqeyhpwa7581" path="res://islands/neko_hacker/concert_hall_stage2_static.tscn" id="16_jdj8j"]
[ext_resource type="Material" uid="uid://cwpgdykb8y1vp" path="res://islands/neko_hacker/glitch_material.tres" id="17_bebpu"]
[ext_resource type="MeshLibrary" uid="uid://c8ak2ul5co588" path="res://shared/collectible/stamp_mesh_library.tres" id="17_cd3bw"]
[ext_resource type="Script" path="res://shared/collectible/collectible_grid_generator.gd" id="18_6gflc"]
[ext_resource type="PackedScene" uid="uid://270g3h41drvg" path="res://islands/neko_hacker/bugs.tscn" id="20_a0nvy"]
[ext_resource type="Script" path="res://islands/neko_hacker/rave_controller.gd" id="21_3ntny"]
[ext_resource type="MeshLibrary" uid="uid://djxgl2hv7ukx0" path="res://islands/neko_hacker/asteroids/asteroids.tres" id="22_dp4lo"]
[ext_resource type="Script" path="res://islands/neko_hacker/audience_spawner.gd" id="22_j32ub"]
[ext_resource type="Script" path="res://islands/neko_hacker/glitch_surface.gd" id="25_j82a0"]
[ext_resource type="Script" path="res://quests/register_child_quests.gd" id="26_sy007"]
[ext_resource type="ArrayMesh" uid="uid://2h5q33d6ebrn" path="res://islands/neko_hacker/generic_npc.obj" id="27_icfrp"]
[ext_resource type="Script" path="res://quests/collect_items.gd" id="27_j6pmh"]
[ext_resource type="Script" path="res://quests/waypoint_quest.gd" id="28_p78hx"]
[ext_resource type="Texture2D" uid="uid://bme11dxkrsyp5" path="res://models/characters/nanahira/skins/Nanahi.png" id="28_tvkf6"]
[ext_resource type="Script" path="res://shared/camera_helper/camera_helper.gd" id="28_xou70"]

[sub_resource type="PanoramaSkyMaterial" id="PanoramaSkyMaterial_gjsti"]
panorama = ExtResource("2_2f2xg")

[sub_resource type="Sky" id="Sky_ygrpd"]
sky_material = SubResource("PanoramaSkyMaterial_gjsti")

[sub_resource type="Environment" id="Environment_db6yj"]
background_mode = 2
sky = SubResource("Sky_ygrpd")
sky_rotation = Vector3(-1.00356, -1.81165, -1.52716)
ambient_light_source = 3
ambient_light_color = Color(0.839216, 0.733333, 0.984314, 1)
ambient_light_sky_contribution = 0.9
ambient_light_energy = 0.1
ssao_enabled = true
ssao_intensity = 3.0
ssao_power = 2.0
ssao_detail = 2.0

[sub_resource type="Gradient" id="Gradient_ivuiu"]
offsets = PackedFloat32Array(0.637097, 1)
colors = PackedColorArray(0, 0.372549, 0, 1, 0, 0, 0, 1)

[sub_resource type="GradientTexture1D" id="GradientTexture1D_v5i34"]
gradient = SubResource("Gradient_ivuiu")

[sub_resource type="ParticleProcessMaterial" id="ParticleProcessMaterial_2rji4"]
emission_shape = 2
emission_sphere_radius = 0.2
direction = Vector3(0, 10, 0)
spread = 90.0
gravity = Vector3(0, 20, 0)
initial_velocity_min = 5.0
initial_velocity_max = 5.0
linear_accel_min = -4.0
radial_accel_min = 10.0
radial_accel_max = 10.0
angle_max = 360.0
color_ramp = SubResource("GradientTexture1D_v5i34")
anim_speed_max = 0.01
anim_offset_max = 1.0
collision_mode = 1
collision_friction = 0.0
collision_bounce = 1.0

[sub_resource type="StandardMaterial3D" id="StandardMaterial3D_vrufp"]
blend_mode = 1
depth_draw_mode = 2
shading_mode = 0
vertex_color_use_as_albedo = true
albedo_texture = ExtResource("4_hexcu")
texture_filter = 2
billboard_mode = 3
particles_anim_h_frames = 85
particles_anim_v_frames = 64
particles_anim_loop = true

[sub_resource type="QuadMesh" id="QuadMesh_eurxq"]
material = SubResource("StandardMaterial3D_vrufp")
size = Vector2(0.05, 0.05)

[sub_resource type="SphereShape3D" id="SphereShape3D_nklwj"]
radius = 0.15

[sub_resource type="ShaderMaterial" id="ShaderMaterial_bqoi8"]
render_priority = 0
shader = ExtResource("7_x6s04")
shader_parameter/paper_color = Color(0.541176, 0.835294, 0.972549, 1)
shader_parameter/paper_color_both_sides = null
shader_parameter/point_size = 1.0
shader_parameter/roughness = 1.0
shader_parameter/metallic_texture_channel = null
shader_parameter/specular = 0.05
shader_parameter/normal_scale = 0.6
shader_parameter/uv1_scale = Vector3(1, 1, 1)
shader_parameter/uv1_offset = Vector3(0, 0, 0)
shader_parameter/uv2_scale = Vector3(1, 1, 1)
shader_parameter/uv2_offset = Vector3(0, 0, 0)
shader_parameter/texture_albedo = ExtResource("8_824jw")
shader_parameter/texture_roughness = ExtResource("10_16tpb")
shader_parameter/texture_normal = ExtResource("9_w4ddl")

[sub_resource type="ShaderMaterial" id="ShaderMaterial_2yhex"]
render_priority = 0
shader = ExtResource("7_x6s04")
shader_parameter/paper_color = Color(0.847059, 0.776471, 0.686275, 1)
shader_parameter/paper_color_both_sides = null
shader_parameter/point_size = 1.0
shader_parameter/roughness = 1.0
shader_parameter/metallic_texture_channel = null
shader_parameter/specular = 0.05
shader_parameter/normal_scale = 0.6
shader_parameter/uv1_scale = Vector3(1, 1, 1)
shader_parameter/uv1_offset = Vector3(0, 0, 0)
shader_parameter/uv2_scale = Vector3(1, 1, 1)
shader_parameter/uv2_offset = Vector3(0, 0, 0)
shader_parameter/texture_albedo = ExtResource("8_824jw")
shader_parameter/texture_roughness = ExtResource("10_16tpb")
shader_parameter/texture_normal = ExtResource("9_w4ddl")

[sub_resource type="ShaderMaterial" id="ShaderMaterial_fphcx"]
render_priority = 0
shader = ExtResource("7_x6s04")
shader_parameter/paper_color = Color(0.00784314, 0.0901961, 0.129412, 1)
shader_parameter/paper_color_both_sides = null
shader_parameter/point_size = 1.0
shader_parameter/roughness = 1.0
shader_parameter/metallic_texture_channel = null
shader_parameter/specular = 0.05
shader_parameter/normal_scale = 0.6
shader_parameter/uv1_scale = Vector3(1, 1, 1)
shader_parameter/uv1_offset = Vector3(0, 0, 0)
shader_parameter/uv2_scale = Vector3(1, 1, 1)
shader_parameter/uv2_offset = Vector3(0, 0, 0)
shader_parameter/texture_albedo = ExtResource("8_824jw")
shader_parameter/texture_roughness = ExtResource("10_16tpb")
shader_parameter/texture_normal = ExtResource("9_w4ddl")

[sub_resource type="ShaderMaterial" id="ShaderMaterial_otvg6"]
render_priority = 0
shader = ExtResource("7_x6s04")
shader_parameter/paper_color = Color(1, 1, 1, 1)
shader_parameter/paper_color_both_sides = null
shader_parameter/point_size = 1.0
shader_parameter/roughness = 1.0
shader_parameter/metallic_texture_channel = null
shader_parameter/specular = 0.05
shader_parameter/normal_scale = 0.6
shader_parameter/uv1_scale = Vector3(1, 1, 1)
shader_parameter/uv1_offset = Vector3(0, 0, 0)
shader_parameter/uv2_scale = Vector3(1, 1, 1)
shader_parameter/uv2_offset = Vector3(0, 0, 0)
shader_parameter/texture_albedo = ExtResource("8_824jw")
shader_parameter/texture_roughness = ExtResource("10_16tpb")
shader_parameter/texture_normal = ExtResource("9_w4ddl")

[sub_resource type="ShaderMaterial" id="ShaderMaterial_oglun"]
render_priority = 0
shader = ExtResource("7_x6s04")
shader_parameter/paper_color = Color(0.184314, 0.184314, 0.184314, 1)
shader_parameter/paper_color_both_sides = null
shader_parameter/point_size = 1.0
shader_parameter/roughness = 1.0
shader_parameter/metallic_texture_channel = null
shader_parameter/specular = 0.05
shader_parameter/normal_scale = 0.6
shader_parameter/uv1_scale = Vector3(1, 1, 1)
shader_parameter/uv1_offset = Vector3(0, 0, 0)
shader_parameter/uv2_scale = Vector3(1, 1, 1)
shader_parameter/uv2_offset = Vector3(0, 0, 0)
shader_parameter/texture_albedo = ExtResource("8_824jw")
shader_parameter/texture_roughness = ExtResource("10_16tpb")
shader_parameter/texture_normal = ExtResource("9_w4ddl")

[sub_resource type="ShaderMaterial" id="ShaderMaterial_45r5m"]
render_priority = 0
shader = ExtResource("7_x6s04")
shader_parameter/paper_color = Color(0.729412, 0.686275, 1, 1)
shader_parameter/paper_color_both_sides = null
shader_parameter/point_size = 1.0
shader_parameter/roughness = 1.0
shader_parameter/metallic_texture_channel = null
shader_parameter/specular = 0.05
shader_parameter/normal_scale = 0.6
shader_parameter/uv1_scale = Vector3(1, 1, 1)
shader_parameter/uv1_offset = Vector3(0, 0, 0)
shader_parameter/uv2_scale = Vector3(1, 1, 1)
shader_parameter/uv2_offset = Vector3(0, 0, 0)
shader_parameter/texture_albedo = ExtResource("8_824jw")
shader_parameter/texture_roughness = ExtResource("10_16tpb")
shader_parameter/texture_normal = ExtResource("9_w4ddl")

[sub_resource type="TorusMesh" id="TorusMesh_75066"]
inner_radius = 1.0
outer_radius = 2.0

[sub_resource type="TorusMesh" id="TorusMesh_rm6px"]
inner_radius = 3.0
outer_radius = 2.0

[sub_resource type="ShaderMaterial" id="ShaderMaterial_1uqs3"]
render_priority = 0
shader = ExtResource("7_x6s04")
shader_parameter/paper_color = Color(1, 1, 1, 1)
shader_parameter/paper_color_both_sides = null
shader_parameter/point_size = 1.0
shader_parameter/roughness = 1.0
shader_parameter/metallic_texture_channel = null
shader_parameter/specular = 0.05
shader_parameter/normal_scale = 0.6
shader_parameter/uv1_scale = Vector3(1, 1, 1)
shader_parameter/uv1_offset = Vector3(0.05, -0.03, 0.1)
shader_parameter/uv2_scale = Vector3(1, 1, 1)
shader_parameter/uv2_offset = Vector3(0, 0, 0)
shader_parameter/texture_albedo = ExtResource("8_824jw")
shader_parameter/texture_paper = ExtResource("28_tvkf6")
shader_parameter/texture_roughness = ExtResource("10_16tpb")
shader_parameter/texture_normal = ExtResource("9_w4ddl")

[sub_resource type="BoxShape3D" id="BoxShape3D_mpien"]
size = Vector3(0.175466, 0.126804, 0.109876)

[sub_resource type="BoxShape3D" id="BoxShape3D_f5arl"]
size = Vector3(0.0662991, 0.108671, 0.109876)

[sub_resource type="BoxShape3D" id="BoxShape3D_wi4l2"]
size = Vector3(0.0227464, 0.108671, 0.109876)

[sub_resource type="SphereShape3D" id="SphereShape3D_vfd1e"]
radius = 0.865518

[sub_resource type="CylinderShape3D" id="CylinderShape3D_ic2jl"]

[sub_resource type="CylinderShape3D" id="CylinderShape3D_o7xji"]
height = 0.816355
radius = 0.376175

[sub_resource type="SphereShape3D" id="SphereShape3D_kf7bf"]
radius = 0.209

[node name="World" type="Node3D"]
script = ExtResource("1_86hvk")

[node name="UI" parent="." instance=ExtResource("7_47jc1")]

[node name="WorldEnvironment" type="WorldEnvironment" parent="."]
environment = SubResource("Environment_db6yj")

[node name="DirectionalLight3D2" type="DirectionalLight3D" parent="."]
transform = Transform3D(-0.932785, 0.00173404, 0.360429, -0.0018048, 0.999953, -0.00948161, -0.360429, -0.0094948, -0.932738, -1.49306, 0.243454, -9.04959)
layers = 2
light_energy = 0.4
light_cull_mask = 4293918722
sky_mode = 1

[node name="DirectionalLight3D3" type="DirectionalLight3D" parent="."]
transform = Transform3D(0.932785, 0.00173404, -0.360429, 0.0018048, 0.999953, 0.00948161, 0.360429, -0.0094948, 0.932738, -1.49306, 0.243454, -9.04959)
layers = 2
light_energy = 0.1
light_cull_mask = 4293918722
sky_mode = 1

[node name="PlayerExplosion" type="GPUParticles3D" parent="."]
visible = false
emitting = false
amount = 2000
lifetime = 0.4
one_shot = true
speed_scale = 0.5
visibility_aabb = AABB(-1, -0.5, -1, 2, 2, 2)
process_material = SubResource("ParticleProcessMaterial_2rji4")
draw_pass_1 = SubResource("QuadMesh_eurxq")

[node name="OOBHeight" type="Node3D" parent="."]
transform = Transform3D(1, 0, 0, 0, 1, 0, 0, 0, 1, 0, -18.1875, 0)

[node name="Player" parent="." node_paths=PackedStringArray("camera") instance=ExtResource("1_7j1kp")]
transform = Transform3D(0.244817, 0, -0.969569, 0, 1, 0, 0.969569, 0, 0.244817, 1.01758, 2.82932, -9.34907)
camera = NodePath("../Node3D/Camera3D")

[node name="ParticlesAttractor" type="GPUParticlesAttractorSphere3D" parent="Player"]
strength = 100.0
attenuation = 9.51366
radius = 0.5

[node name="Node3D" type="Node3D" parent="."]
transform = Transform3D(1, 0, 0, 0, 1, 0, 0, 0, 1, 1.02006, -0.700256, -40.3442)

[node name="Camera3D" type="Camera3D" parent="Node3D" node_paths=PackedStringArray("target", "kinematic_body")]
transform = Transform3D(-1, 4.37114e-08, -7.57104e-08, 0, 0.866025, 0.5, 8.74228e-08, 0.5, -0.866025, -0.553924, 1.14857, -0.211639)
current = true
script = ExtResource("4_ggigq")
target = NodePath("../../Player")
kinematic_body = NodePath("../CameraSafeArea")

[node name="CameraSafeArea" type="CharacterBody3D" parent="Node3D"]
transform = Transform3D(1, 0, 0, 0, 1, 0, 0, 0, 1, -0.553951, 1.149, -0.21154)
collision_layer = 0
floor_constant_speed = true
platform_on_leave = 2

[node name="CollisionShape3D" type="CollisionShape3D" parent="Node3D/CameraSafeArea"]
shape = SubResource("SphereShape3D_nklwj")

[node name="Stage1" type="Node3D" parent="."]
process_mode = 4
visible = false

[node name="Kassan" parent="Stage1" instance=ExtResource("2_sy3b2")]
transform = Transform3D(0.54619, 0, 0.837662, 0, 1, 0, -0.837662, 0, 0.54619, 0.965717, 0.279597, 0.290507)
dialog_path = "res://dialogs/neko_concert.dialogue"
dialog_entry = "kassan"
character = 13

[node name="Sera" parent="Stage1" instance=ExtResource("2_sy3b2")]
transform = Transform3D(0.730329, 0, -0.683095, 0, 1, 0, 0.683095, 0, 0.730329, -0.979249, 0.279597, 0.209317)
script = ExtResource("5_o8wuw")
debug_adjust = false
item_offset = Vector3(-0.018, 0.008, 0.1)
item_rotation = Vector3(-60, 268.8, 0.2)
animation = "Hold-guitar"
lock_bone = "HandL"
dialog_path = "res://dialogs/neko_concert.dialogue"
dialog_entry = "sera"
character = 14

[node name="Item" type="MeshInstance3D" parent="Stage1/Sera"]
transform = Transform3D(0.931979, 0.0595604, 0.357587, -0.362496, 0.162812, 0.917655, -0.00356367, -0.984858, 0.173328, 0.00797391, 0.142325, -0.0604653)
mesh = ExtResource("6_05cld")
skeleton = NodePath("../../..")
surface_material_override/0 = SubResource("ShaderMaterial_bqoi8")
surface_material_override/1 = SubResource("ShaderMaterial_2yhex")
surface_material_override/2 = SubResource("ShaderMaterial_fphcx")

[node name="Nana" parent="Stage1" instance=ExtResource("2_sy3b2")]
transform = Transform3D(0.99951, 0, -0.0312886, 0, 1, 0, 0.0312886, 0, 0.99951, 0.0289532, 0.279597, 0.316627)
script = ExtResource("5_o8wuw")
debug_adjust = false
item_offset = Vector3(0, 0, 0)
item_rotation = Vector3(-70, -10, 0)
animation = "HoldR"
lock_bone = "HandR"
dialog_path = "res://dialogs/neko_concert.dialogue"
dialog_entry = "nana"
character = 15

[node name="Item" type="MeshInstance3D" parent="Stage1/Nana"]
transform = Transform3D(0.999511, 0, 0.0312886, 0, 1, 0, -0.0312886, 0, 0.999511, 0.0221217, 0.140527, -0.0801356)
mesh = ExtResource("5_ilkbb")
skeleton = NodePath("../../..")
surface_material_override/0 = SubResource("ShaderMaterial_otvg6")
surface_material_override/1 = SubResource("ShaderMaterial_oglun")

[node name="Quickwarp" parent="Stage1" instance=ExtResource("11_j6tda")]
transform = Transform3D(-0.999769, 0, 0.0214834, 0, 1, 0, -0.0214834, 0, -0.999769, -1.62445, -0.0024758, -18.1606)

[node name="DirectionalLight3D" type="DirectionalLight3D" parent="Stage1"]
transform = Transform3D(0.62867, 0.642557, 0.438058, -0.0108483, -0.555993, 0.831116, 0.777596, -0.52725, -0.342566, 6.26983, 11.841, -5.83063)
light_energy = 0.05
shadow_enabled = true
shadow_bias = 0.03

[node name="DirectionalLight3D_Front" type="DirectionalLight3D" parent="Stage1"]
transform = Transform3D(-0.999901, -0.0016724, 0.0139539, -0.000265725, 0.994967, 0.100208, -0.0140512, 0.100194, -0.994869, 0.339267, 0.243454, -6.99126)
light_energy = 0.2
sky_mode = 1

[node name="concert_stage" parent="Stage1" instance=ExtResource("15_aocob")]

[node name="PlayerSpawn" type="Marker3D" parent="Stage1"]
transform = Transform3D(1, 0, 0, 0, 1, 0, 0, 0, 1, -2.73845, 2.38419e-07, -12.1086)

[node name="CameraSpawn" type="Marker3D" parent="Stage1"]
transform = Transform3D(1, 0, 0, 0, 1, 0, 0, 0, 1, -3.07885, 0.321783, -13.0884)

[node name="Stage2" type="Node3D" parent="."]

[node name="BGM" type="AudioStreamPlayer" parent="Stage2"]
stream = ExtResource("1_m4ln8")

[node name="Kassan" parent="Stage2" instance=ExtResource("2_sy3b2")]
transform = Transform3D(0.54619, 0, 0.837662, 0, 1, 0, -0.837662, 0, 0.54619, 0.965717, 0.279597, -3.72504)
dialog_path = "res://dialogs/neko_concert.dialogue"
dialog_entry = "kassan2"
character = 13

[node name="Sera" parent="Stage2" instance=ExtResource("2_sy3b2")]
transform = Transform3D(-0.528646, 0, 0.848842, 0, 1, 0, -0.848842, 0, -0.528646, 4.77448, -1.1785, -41.3128)
script = ExtResource("5_o8wuw")
debug_adjust = false
item_offset = Vector3(-0.018, 0.008, 0.1)
item_rotation = Vector3(-60, 268.8, 0.2)
animation = "Hold-guitar"
lock_bone = "HandL"
dialog_path = "res://dialogs/neko_concert.dialogue"
dialog_entry = "sera2"
character = 14

[node name="Item" type="MeshInstance3D" parent="Stage2/Sera"]
transform = Transform3D(0.931979, 0.0595604, 0.357587, -0.362496, 0.162812, 0.917655, -0.00356367, -0.984858, 0.173328, 0.00797391, 0.142325, -0.0604653)
mesh = ExtResource("6_05cld")
skeleton = NodePath("../../..")
surface_material_override/0 = SubResource("ShaderMaterial_bqoi8")
surface_material_override/1 = SubResource("ShaderMaterial_2yhex")
surface_material_override/2 = SubResource("ShaderMaterial_fphcx")

[node name="Nana" parent="Stage2" instance=ExtResource("2_sy3b2")]
transform = Transform3D(0.99951, 0, -0.0312886, 0, 1, 0, 0.0312886, 0, 0.99951, 0.0289532, 0.279597, -3.69892)
script = ExtResource("5_o8wuw")
debug_adjust = false
item_offset = Vector3(0, 0, 0)
item_rotation = Vector3(-70, -10, 0)
animation = "HoldR"
lock_bone = "HandR"
dialog_path = "res://dialogs/neko_concert.dialogue"
dialog_entry = "nana2"
character = 15

[node name="Item" type="MeshInstance3D" parent="Stage2/Nana"]
transform = Transform3D(0.999511, 0, 0.0312886, 0, 1, 0, -0.0312886, 0, 0.999511, 0.0221217, 0.140527, -0.0801356)
mesh = ExtResource("5_ilkbb")
skeleton = NodePath("../../..")
surface_material_override/0 = SubResource("ShaderMaterial_otvg6")
surface_material_override/1 = SubResource("ShaderMaterial_oglun")

[node name="ConcertStage2" type="Node3D" parent="Stage2"]

[node name="concert_hall_stage2" parent="Stage2/ConcertStage2" instance=ExtResource("16_jdj8j")]
transform = Transform3D(-1, 0, -8.74228e-08, 0, 1, 0, 8.74228e-08, 0, -1, -1.42669e-06, -1.08267, -16.3194)

[node name="CollectibleGridMap" type="GridMap" parent="Stage2/ConcertStage2"]
transform = Transform3D(1, 0, 0, 0, 1, 0, 0, 0, 1, 0.1, 0, -19.249)
mesh_library = ExtResource("17_cd3bw")
cell_size = Vector3(0.2, 0.112, 0.2)
collision_layer = 0
collision_mask = 0
data = {
"cells": PackedInt32Array(-393184, 65465, 0, -393184, 65464, 0, -393184, 65463, 0, -393185, 65464, 0, -393183, 65464, 0, -393185, 65463, 0, -393185, 65465, 0, -393183, 65465, 0, -393183, 65463, 0, 131083, 65478, 0, 131082, 65479, 0, 131082, 65480, 0, 131083, 65480, 0, 131084, 65480, 0, 131084, 65479, 0, 131083, 65479, 0, 131084, 65478, 0, 131082, 65478, 0, 1114098, 65478, 0, 1114098, 65479, 0, 1114098, 65480, 0, 1114099, 65480, 0, 1114100, 65480, 0, 1114100, 65479, 0, 1114100, 65478, 0, 1114099, 65478, 0, 1114099, 65479, 0, 1703911, 65467, 0, 1703911, 65468, 0, 1703911, 65469, 0, 1703912, 65469, 0, 1703913, 65469, 0, 1703913, 65468, 0, 1703913, 65467, 0, 1703912, 65467, 0, 1703912, 65468, 0, 2228194, 65453, 0, 2228194, 65454, 0, 2228194, 65455, 0, 2228195, 65455, 0, 2228196, 65455, 0, 2228196, 65454, 0, 2228196, 65453, 0, 2228195, 65453, 0, 2228195, 65454, 0, 2883560, 65443, 0, 2883560, 65444, 0, 2883560, 65445, 0, 2883561, 65445, 0, 2883562, 65445, 0, 2883562, 65444, 0, 2883562, 65443, 0, 2883561, 65443, 0, 2883561, 65444, 0, 3735538, 65422, 0, 3735538, 65423, 0, 3735538, 65424, 0, 3735539, 65424, 0, 3735540, 65424, 0, 3735540, 65423, 0, 3735540, 65422, 0, 3735539, 65422, 0, 3735539, 65423, 0, 4259847, 65434, 0, 4259847, 65435, 0, 4259848, 65435, 0, 4259848, 65434, 0, 4259849, 65434, 0, 4259849, 65433, 0, 4259848, 65433, 0, 4259847, 65433, 0, 4259849, 65435, 0, 4521995, 65454, 0, 4521996, 65454, 0, 4521997, 65454, 0, 4521997, 65453, 0, 4521997, 65452, 0, 4521996, 65452, 0, 4521995, 65452, 0, 4521995, 65453, 0, 4521996, 65453, 0, 4259860, 65499, 0, 4259861, 65499, 0, 4259862, 65499, 0, 4259862, 65500, 0, 4259861, 65500, 0, 4259861, 65501, 0, 4259860, 65500, 0, 4259862, 65501, 0, 4259860, 65501, 0, 4194281, 65515, 0, 4194281, 65514, 0, 4194281, 65513, 0, 4194280, 65513, 0, 4194280, 65514, 0, 4194280, 65515, 0, 4194279, 65515, 0, 4194279, 65514, 0, 4194279, 65513, 0, 4128774, 0, 0, 4128775, 0, 0, 4128776, 0, 0, 4128776, 65535, 0, 4128776, 65534, 0, 4128775, 65534, 0, 4128774, 65534, 0, 4128774, 65535, 0, 4128775, 65535, 0, -131033, 65442, 0, -131035, 65447, 0, -131037, 65452, 0, 4390911, 65530, 0, 4653070, 65466, 0, 4784141, 65466, 0, 4915214, 65466, 0, 4784143, 65466, 0, 4522001, 65484, 0, 4653072, 65484, 0, 4653074, 65484, 0, 4784145, 65484, 0, 4653044, 65522, 0, 4521978, 65526, 0, 2228249, 8, 0, 2293785, 8, 0, 2359321, 8, 0, 2424857, 8, 0, 2490393, 8, 0, 2555929, 8, 0, 2621465, 8, 0, 2687001, 8, 0, 2752537, 8, 0, 2818073, 8, 0, 2883609, 8, 0, 2949145, 8, 0, 3014681, 8, 0, 3080217, 8, 0, 3145753, 8, 0, 3211289, 8, 0, 3276825, 8, 0, 3342361, 8, 0, 3407897, 8, 0, 3473433, 8, 0, 3538969, 8, 0, 3604505, 8, 0, 3670041, 8, 0, 3735577, 8, 0, 3801113, 8, 0, 3866649, 8, 0, 3932185, 8, 0, 3932186, 8, 0, 3866650, 8, 0, 3801114, 8, 0, 3735578, 8, 0, 3670042, 8, 0, 3604506, 8, 0, 3538970, 8, 0, 3473434, 8, 0, 3407898, 8, 0, 3342362, 8, 0, 3276826, 8, 0, 3211290, 8, 0, 3145754, 8, 0, 3080218, 8, 0, 3014682, 8, 0, 2949146, 8, 0, 2883610, 8, 0, 2818074, 8, 0, 2752538, 8, 0, 2687002, 8, 0, 2621466, 8, 0, 2555930, 8, 0, 2490394, 8, 0, 2424858, 8, 0, 2359322, 8, 0, 2293786, 8, 0, 2228250, 8, 0, 2228249, 7, 0, 2228250, 7, 0, 2293786, 7, 0, 2293785, 7, 0, 3932185, 7, 0, 3932186, 7, 0, 3866650, 7, 0, 3866649, 7, 0, 3801113, 7, 0, 3735577, 7, 0, 3670041, 7, 0, 3604505, 7, 0, 3538969, 7, 0, 3473433, 7, 0, 3407897, 7, 0, 3342361, 7, 0, 3276825, 7, 0, 3801114, 7, 0, 3735578, 7, 0, 3670042, 7, 0, 3604506, 7, 0, 3538970, 7, 0, 3473434, 7, 0, 3407898, 7, 0, 3342362, 7, 0, 3276826, 7, 0, 3211290, 7, 0, 3145754, 7, 0, 3211289, 7, 0, 3145753, 7, 0, 3080217, 7, 0, 3014681, 7, 0, 2949145, 7, 0, 2883609, 7, 0, 2818073, 7, 0, 2752537, 7, 0, 2687001, 7, 0, 2621465, 7, 0, 2555929, 7, 0, 2490393, 7, 0, 2424857, 7, 0, 2359321, 7, 0, 2359322, 7, 0, 2424858, 7, 0, 2490394, 7, 0, 2555930, 7, 0, 2621466, 7, 0, 2687002, 7, 0, 2752538, 7, 0, 2818074, 7, 0, 2883610, 7, 0, 2949146, 7, 0, 3014682, 7, 0, 3080218, 7, 0, 4456470, 7, 0, 4456461, 2, 0, 4587539, 6, 0, 1703922, 13, 0, 1703923, 13, 0, 1703923, 12, 0, 1703922, 12, 0, 1703922, 14, 0, 1703923, 14, 0, 1703924, 14, 0, 1703924, 13, 0, 1703924, 12, 0, 1048548, 37, 0, 1048547, 37, 0, 1048546, 37, 0, 1048546, 38, 0, 1048547, 38, 0, 1048548, 38, 0, 1048548, 39, 0, 1048547, 39, 0, 1048546, 39, 0, 196588, 73, 0, 196587, 73, 0, 196586, 73, 0, 196586, 74, 0, 196587, 74, 0, 196588, 74, 0, 262124, 75, 0, 262123, 75, 0, 262122, 75, 0, 262122, 76, 0, 262123, 76, 0, 262124, 76, 0, 327660, 77, 0, 327659, 77, 0, 327658, 77, 0, 327658, 78, 0, 327659, 78, 0, 327660, 78, 0, 196589, 74, 0, 196589, 73, 0, 262125, 76, 0, 262125, 75, 0, 327661, 78, 0, 327661, 77, 0, 196610, 76, 0, 196608, 75, 0, 262143, 75, 0, 196606, 74, 0, 196605, 74, 0, 196604, 74, 0, 196603, 74, 0, 196609, 75, 0)
}
script = ExtResource("18_6gflc")
metadata/_editor_floor_ = Vector3(2, 2, 7)

[node name="RaveController" type="Node3D" parent="Stage2/ConcertStage2"]
script = ExtResource("21_3ntny")

[node name="AudienceSpawner" type="CSGBox3D" parent="Stage2/ConcertStage2/RaveController"]
transform = Transform3D(-0.814377, 0.577357, 0.058729, -0.539725, -0.716308, -0.442266, -0.213277, -0.391868, 0.894959, -1.49673, 0, -32.7811)
flip_faces = true
size = Vector3(1.91807, 0.6, 3.10487)
script = ExtResource("22_j32ub")
rng_seed = 6895
corrupt = true
z0_probability = 0.7

[node name="GridMap" type="GridMap" parent="Stage2/ConcertStage2"]
mesh_library = ExtResource("22_dp4lo")
cell_size = Vector3(1, 0.5, 1)
data = {
"cells": PackedInt32Array(-262136, 65496, 0, -262138, 65502, 1, 720893, 65494, 4, 851970, 65500, 2, -131070, 65505, 2, 131069, 65505, 0, 524283, 65498, 1, 786433, 65496, 0, 262139, 65503, 851972, 393210, 65500, 851969, 786436, 65509, 458756, 851963, 65512, 458752, 786433, 65516, 458752, -327671, 65504, 4, 262141, 65519, 1, 131066, 65524, 3)
}
metadata/_editor_floor_ = Vector3(0, 1, 0)

[node name="CSGBox3D15" type="CSGBox3D" parent="Stage2/ConcertStage2"]
transform = Transform3D(-0.5, 0, -0.866025, 0, 1, 0, 0.866025, 0, -0.5, 3.3542, -1.42959, -41.1743)
use_collision = true
size = Vector3(6, 0.5, 4)
material = SubResource("ShaderMaterial_45r5m")

[node name="Glitches" type="Node3D" parent="Stage2/ConcertStage2"]

[node name="CSGBox3D" type="CSGBox3D" parent="Stage2/ConcertStage2/Glitches"]
transform = Transform3D(0.50063, 0.677711, 0.538588, -0.700874, 0.682494, -0.20731, -0.50808, -0.273697, 0.816667, 0, 0, -35.9341)
use_collision = true
material = ExtResource("17_bebpu")
script = ExtResource("25_j82a0")

[node name="CSGBox3D2" type="CSGBox3D" parent="Stage2/ConcertStage2/Glitches"]
transform = Transform3D(0.50063, 0.677711, 0.538588, -0.700874, 0.682494, -0.20731, -0.50808, -0.273697, 0.816667, 7.73233, 1.15381, -29.4023)
use_collision = true
size = Vector3(1.63293, 1.63386, 2.28142)
material = ExtResource("17_bebpu")
script = ExtResource("25_j82a0")

[node name="CSGBox3D3" type="CSGBox3D" parent="Stage2/ConcertStage2/Glitches"]
transform = Transform3D(0.111559, -0.182178, -0.976916, -0.440183, -0.890412, 0.11578, -0.890951, 0.417105, -0.179526, -5.83716, -1.32607, -31.1114)
use_collision = true
size = Vector3(1.14492, 1.19346, 1.15211)
material = ExtResource("17_bebpu")
script = ExtResource("25_j82a0")

[node name="CSGBox3D4" type="CSGBox3D" parent="Stage2/ConcertStage2/Glitches"]
transform = Transform3D(-0.183681, 0.248118, -0.951156, 0.970304, -0.109166, -0.215855, -0.157391, -0.962559, -0.220698, 9.11578, 2.13512, -13.5504)
use_collision = true
material = ExtResource("17_bebpu")
script = ExtResource("25_j82a0")

[node name="CSGBox3D5" type="CSGBox3D" parent="Stage2/ConcertStage2/Glitches"]
transform = Transform3D(-0.183681, 0.248118, -0.951156, 0.970304, -0.109166, -0.215855, -0.157391, -0.962559, -0.220698, 1.40752, -0.575172, -19.6349)
use_collision = true
size = Vector3(1.63293, 1.63386, 2.28142)
material = ExtResource("17_bebpu")
script = ExtResource("25_j82a0")

[node name="CSGBox3D6" type="CSGBox3D" parent="Stage2/ConcertStage2/Glitches"]
transform = Transform3D(0.402773, -0.674938, 0.618249, 0.915087, 0.311496, -0.256096, -0.0197332, 0.668901, 0.74309, 7.38095, -1.73222, -7.13763)
use_collision = true
size = Vector3(1.14492, 1.19346, 1.15211)
material = ExtResource("17_bebpu")
script = ExtResource("25_j82a0")

[node name="CSGBox3D7" type="CSGBox3D" parent="Stage2/ConcertStage2/Glitches"]
transform = Transform3D(0.241565, 0.39107, 0.888094, 0.351201, 0.817922, -0.455699, -0.904602, 0.42198, 0.0602369, -9.917, 2.5909, -15.1655)
use_collision = true
material = ExtResource("17_bebpu")
script = ExtResource("25_j82a0")

[node name="CSGBox3D8" type="CSGBox3D" parent="Stage2/ConcertStage2/Glitches"]
transform = Transform3D(0.241565, 0.39107, 0.888094, 0.351201, 0.817922, -0.455699, -0.904602, 0.42198, 0.0602369, -0.0973392, 1.74929, -12.5867)
use_collision = true
size = Vector3(1.63293, 1.63386, 2.28142)
material = ExtResource("17_bebpu")
script = ExtResource("25_j82a0")

[node name="CSGBox3D10" type="CSGBox3D" parent="Stage2/ConcertStage2/Glitches"]
transform = Transform3D(-0.106501, 0.265677, 0.958162, 0.0641189, 0.963471, -0.260023, -0.992243, 0.0337438, -0.119645, 3.52786, 8.74404, -23.4961)
use_collision = true
size = Vector3(0.353139, 3.62514, 6.84154)
material = ExtResource("17_bebpu")
script = ExtResource("25_j82a0")

[node name="CSGBox3D14" type="CSGBox3D" parent="Stage2/ConcertStage2/Glitches"]
transform = Transform3D(-0.106501, -0.806486, 0.581582, 0.0641189, 0.57812, 0.813429, -0.992243, 0.123921, -0.00985932, -6.38326, 0.302099, -22.9779)
use_collision = true
size = Vector3(0.353139, 3.62514, 6.84154)
material = ExtResource("17_bebpu")
script = ExtResource("25_j82a0")

[node name="CSGBox3D13" type="CSGBox3D" parent="Stage2/ConcertStage2/Glitches"]
transform = Transform3D(-0.0699943, 0.384399, 0.92051, 0.879141, 0.459829, -0.125174, -0.471394, 0.800496, -0.370127, -0.331, 3.88624, -6.04419)
use_collision = true
size = Vector3(0.73624, 3.62514, 6.84154)
material = ExtResource("17_bebpu")
script = ExtResource("25_j82a0")

[node name="CSGBox3D11" type="CSGBox3D" parent="Stage2/ConcertStage2/Glitches"]
transform = Transform3D(0.72798, -0.325025, 0.60366, -0.278375, 0.66451, 0.693494, -0.626541, -0.672892, 0.393272, -5.13113, 9.48275, -22.315)
use_collision = true
size = Vector3(0.353139, 2.6347, 3.94204)
material = ExtResource("17_bebpu")
script = ExtResource("25_j82a0")

[node name="CSGBox3D12" type="CSGBox3D" parent="Stage2/ConcertStage2/Glitches"]
transform = Transform3D(-2.55625e-08, -0.584802, 0.811177, 1, -4.37114e-08, -2.37987e-16, 3.54576e-08, 0.811176, 0.584802, -1.64492, 4.98771, -21.4822)
use_collision = true
size = Vector3(1.04782, 1.48786, 4.73401)
material = ExtResource("17_bebpu")
script = ExtResource("25_j82a0")

[node name="CSGBox3D9" type="CSGBox3D" parent="Stage2/ConcertStage2/Glitches"]
transform = Transform3D(-0.306972, 0.126258, -0.943306, 0.565118, -0.773329, -0.287409, -0.765774, -0.621306, 0.16604, -12.4576, -4.51245, -13.69)
use_collision = true
size = Vector3(1.14492, 1.19346, 1.15211)
material = ExtResource("17_bebpu")
script = ExtResource("25_j82a0")

[node name="CSGMesh3D" type="CSGMesh3D" parent="Stage2/ConcertStage2/Glitches"]
transform = Transform3D(0.982403, -0.0137331, 0.186266, -0.0663025, 0.906696, 0.41654, -0.174607, -0.421561, 0.889831, 11.8648, -5.71793, -35.0476)
use_collision = true
mesh = SubResource("TorusMesh_75066")
material = ExtResource("17_bebpu")
script = ExtResource("25_j82a0")

[node name="CSGMesh3D2" type="CSGMesh3D" parent="Stage2/ConcertStage2/Glitches"]
transform = Transform3D(-0.666023, 0.270632, -0.695106, -0.0663025, 0.906696, 0.41654, 0.742979, 0.323513, -0.585937, -10.7748, -5.71793, -16.5687)
use_collision = true
mesh = SubResource("TorusMesh_rm6px")
material = ExtResource("17_bebpu")
script = ExtResource("25_j82a0")

[node name="CSGPolygon3D4" type="CSGPolygon3D" parent="Stage2/ConcertStage2/Glitches"]
transform = Transform3D(-0.743145, 6.24163e-08, -0.669131, 6.3985e-08, 1, 7.47967e-08, 0.66913, 2.42022e-08, -0.743145, 10.5478, 1.02132, -21.0075)
use_collision = true
polygon = PackedVector2Array(-0.431885, 0.499524, 0.604954, -0.421394, 1.58244, 0.566307, 2.14047, 1.53517, 2.2857, 2.18545, 2.15259, 2.65015, 1.8013, 2.90676, 1.26639, 2.9878, 0.799316, 2.87761, 0.570774, 2.54689, 0.381079, 2.87299, -0.0807877, 3.03572, -0.606567, 2.9705, -1.10398, 2.67069, -1.24506, 2.22163, -1.11786, 1.47893)
depth = 0.2
material = ExtResource("17_bebpu")
script = ExtResource("25_j82a0")

[node name="CSGPolygon3D3" type="CSGPolygon3D" parent="Stage2/ConcertStage2/Glitches"]
transform = Transform3D(-0.965926, 4.46257e-08, -0.258819, 6.3985e-08, 1, 7.47967e-08, 0.258819, 4.99008e-08, -0.965926, 9.4312, -0.466562, -37.348)
use_collision = true
polygon = PackedVector2Array(0.937696, -0.179311, 0.673338, 0.26932, 0.087019, 0.249184, 0.0812197, 0.872762, 0.511305, 1.27608, 1.10806, 1.211, 1.51135, 0.702017, 1.39747, 0.0382581)
depth = 0.2
material = ExtResource("17_bebpu")
script = ExtResource("25_j82a0")

[node name="CSGPolygon3D" type="CSGPolygon3D" parent="Stage2/ConcertStage2/Glitches"]
transform = Transform3D(1, 0, 0, 0, -4.37114e-08, -1, 0, 1, -4.37114e-08, 5.25515, 1.8525, -19.7895)
use_collision = true
polygon = PackedVector2Array(0.718734, -0.280987, 1.01217, -0.391626, 1.33928, -0.391626, 1.6664, -0.261744, 1.82033, -0.0645161, 1.86362, 0.0653667, 1.86843, 0.228924, 1.97908, 0.320322, 2.04161, 0.4021, 2.04642, 0.512741, 2.04161, 0.575275, 1.99832, 0.536793, 1.93578, 0.536793, 1.86362, 0.565655, 1.7145, 0.647432, 1.575, 0.796558, 1.44992, 0.955303, 1.34409, 1.0467, -1.30954, 1.09329, -1.30954, 1.0049, -1.35197, 0.909431, -1.42622, 0.828108, -1.50754, 0.718496, -1.62069, 0.65485, -1.74091, 0.566456, -1.83991, 0.534632, -1.90709, 0.534632, -1.96367, 0.559383, -1.9672, 0.432093, -1.91416, 0.280052, -1.78687, 0.205799, -1.79041, 0.0714378, -1.71969, -0.0841389, -1.58354, -0.252136, -1.38907, -0.361748, -1.26178, -0.400642, -1.06378, -0.404179, -0.911735, -0.390034, -0.742014, -0.326389, -0.00302553, -0.273352)
depth = 0.25
material = ExtResource("17_bebpu")
script = ExtResource("25_j82a0")

[node name="CSGPolygon3D2" type="CSGPolygon3D" parent="Stage2/ConcertStage2/Glitches"]
transform = Transform3D(0.993508, -0.0294428, -0.109882, 0.0195466, -0.907377, 0.419863, -0.112066, -0.419286, -0.900911, 5.57184, 3.5402, -16.5193)
use_collision = true
polygon = PackedVector2Array(0.183189, -0.069025, 0.506946, -0.0761843, 1.02058, -0.155602, 1.43402, -0.481516, 1.63928, -0.955592, 1.6552, -1.46618, 1.61771, -1.66545, 1.44338, -1.66831, 1.18742, -1.58795, 1.04288, -1.41599, 0.957411, -1.2085, 0.724076, -1.13346, 0.47024, -0.993382, 0.261097, -0.764706, 0.143224, -0.492696, -0.003438, -0.52828, -0.138038, -0.487176, -0.236358, -0.732239, -0.399589, -0.943949, -0.5861, -1.08365, -0.778278, -1.1724, -0.866581, -1.37672, -0.999794, -1.5464, -1.22761, -1.64227, -1.37391, -1.42676, -1.42733, -1.03945, -1.26827, -0.703396, -1.01282, -0.39616, -0.689281, -0.198221, -0.311458, -0.0483308, -0.00902128, -0.0333557)
depth = 0.25
material = ExtResource("17_bebpu")
script = ExtResource("25_j82a0")

[node name="CSGBox3D15" type="CSGBox3D" parent="Stage2/ConcertStage2/Glitches"]
transform = Transform3D(1, 0, 0, 0, 1, 0, 0, 0, 1, 4.84267, 2.64331, -20.9851)
use_collision = true
size = Vector3(0.575348, 0.0667822, 1.2594)
material = ExtResource("17_bebpu")
script = ExtResource("25_j82a0")

[node name="CSGBox3D16" type="CSGBox3D" parent="Stage2/ConcertStage2/Glitches"]
transform = Transform3D(1, 0, 0, 0, -4.37114e-08, 1, 0, -1, -4.37114e-08, 4.84267, 3.02733, -21.6563)
use_collision = true
size = Vector3(0.575348, 0.0667822, 0.862033)
material = ExtResource("17_bebpu")
script = ExtResource("25_j82a0")

[node name="CSGBox3D17" type="CSGBox3D" parent="Stage2/ConcertStage2/Glitches"]
transform = Transform3D(1, 0, 0, 0, 1, 0, 0, 0, 1, 5.72226, 2.64331, -20.9851)
use_collision = true
size = Vector3(0.575348, 0.0667822, 1.2594)
material = ExtResource("17_bebpu")
script = ExtResource("25_j82a0")

[node name="CSGBox3D18" type="CSGBox3D" parent="Stage2/ConcertStage2/Glitches"]
transform = Transform3D(1, 0, 0, 0, -4.37114e-08, 1, 0, -1, -4.37114e-08, 5.72226, 3.02733, -21.6563)
use_collision = true
size = Vector3(0.575348, 0.0667822, 0.862033)
material = ExtResource("17_bebpu")
script = ExtResource("25_j82a0")

[node name="CSGBox3D19" type="CSGBox3D" parent="Stage2/ConcertStage2/Glitches"]
transform = Transform3D(-0.240338, -0.371092, 0.896955, -0.965926, 1.13133e-08, -0.258819, 0.0960458, -0.928596, -0.358448, 4.09232, 1.25731, -2.75591)
use_collision = true
size = Vector3(1.65167, 0.195643, 2.48698)
material = ExtResource("17_bebpu")
script = ExtResource("25_j82a0")

[node name="FloatingNPC" type="StaticBody3D" parent="Stage2/ConcertStage2"]
transform = Transform3D(15, 0, 0, 0, -6.55671e-07, -15, 0, 15, -6.55671e-07, 5.31836, 2.77564, -21.6567)

[node name="GenericNpc" type="MeshInstance3D" parent="Stage2/ConcertStage2/FloatingNPC"]
transform = Transform3D(1, 0, 0, 0, 1, 0, 0, 0, 1, 0, 0, 0)
mesh = ExtResource("27_icfrp")
skeleton = NodePath("../../../..")
surface_material_override/0 = SubResource("ShaderMaterial_1uqs3")

[node name="CollisionShape3D" type="CollisionShape3D" parent="Stage2/ConcertStage2/FloatingNPC"]
transform = Transform3D(1, 0, 0, 0, 1, -7.10543e-15, 0, 7.10543e-15, 1, 0, 0.256174, 0.00281776)
shape = SubResource("BoxShape3D_mpien")

[node name="CollisionShape3D2" type="CollisionShape3D" parent="Stage2/ConcertStage2/FloatingNPC"]
transform = Transform3D(0.999999, 0, 0, 0, 0.977019, -0.21315, 0, 0.21315, 0.977019, -0.00285903, 0.129798, 0.0201153)
shape = SubResource("BoxShape3D_f5arl")

[node name="CollisionShape3D3" type="CollisionShape3D" parent="Stage2/ConcertStage2/FloatingNPC"]
transform = Transform3D(0.945148, 0.319134, -0.0696233, -0.32664, 0.923428, -0.201458, 1.42779e-08, 0.21315, 0.977019, -0.0329366, 0.129798, 0.0201153)
shape = SubResource("BoxShape3D_wi4l2")

[node name="CollisionShape3D4" type="CollisionShape3D" parent="Stage2/ConcertStage2/FloatingNPC"]
transform = Transform3D(0.941953, -0.327447, -0.0741561, 0.307688, 0.930315, -0.199595, 0.134346, 0.165193, 0.977067, 0.0197747, 0.129798, 0.0201153)
shape = SubResource("BoxShape3D_wi4l2")

[node name="CameraHelper" type="Area3D" parent="Stage2/ConcertStage2"]
transform = Transform3D(1, 0, 0, 0, 1, 0, 0, 0, 1, -7.12465, 7.80817, -25.0166)
script = ExtResource("28_xou70")
smoothing = 0.4

[node name="CollisionShape3D" type="CollisionShape3D" parent="Stage2/ConcertStage2/CameraHelper"]
transform = Transform3D(1, 0, 0, 0, 1, 0, 0, 0, 1, 2.54155, -0.559536, 1.51497)
shape = SubResource("SphereShape3D_vfd1e")

[node name="CameraHelper3" type="Area3D" parent="Stage2/ConcertStage2"]
transform = Transform3D(-0.917137, 0, -0.398573, 0, 1, 0, 0.398573, 0, -0.917137, 8.6133, 4.12509, -17.1579)
script = ExtResource("28_xou70")
smoothing = 0.2

[node name="CollisionShape3D" type="CollisionShape3D" parent="Stage2/ConcertStage2/CameraHelper3"]
transform = Transform3D(1, 0, 0, 0, 1, 0, 0, 0, 1, 2.54155, -0.559536, 1.51497)
shape = SubResource("SphereShape3D_vfd1e")

[node name="CameraHelper2" type="Area3D" parent="Stage2/ConcertStage2"]
transform = Transform3D(1, 0, 0, 0, 1, 0, 0, 0, 1, 5.01775, 8.12778, -17.8699)
script = ExtResource("28_xou70")
smoothing = 0.5

[node name="CollisionShape3D" type="CollisionShape3D" parent="Stage2/ConcertStage2/CameraHelper2"]
transform = Transform3D(1, 0, 0, 0, 1, 0, 0, 0, 1, 0.0747938, -2.05831, 0.117838)
shape = SubResource("CylinderShape3D_ic2jl")

[node name="CollisionShape3D2" type="CollisionShape3D" parent="Stage2/ConcertStage2/CameraHelper2"]
transform = Transform3D(-4.2222e-08, -0.965926, -0.258819, 1, -4.37114e-08, 0, -1.13133e-08, -0.258819, 0.965926, -0.751177, -0.550665, -0.0535469)
shape = SubResource("CylinderShape3D_o7xji")

[node name="DirectionalLight3D" type="DirectionalLight3D" parent="Stage2"]
