[gd_scene load_steps=57 format=3 uid="uid://cvwfpj8elepkn"]

[ext_resource type="AudioStream" uid="uid://bckbj3r8g062a" path="res://islands/camellia/nanahirafangame_forbidenpizza.wav" id="1_7dodf"]
[ext_resource type="PackedScene" uid="uid://dbmoi5f76yo36" path="res://shared/player.tscn" id="1_xo1hg"]
[ext_resource type="Script" path="res://islands/camellia/camellia_world.gd" id="1_yfeo7"]
[ext_resource type="Script" path="res://follow_camera.gd" id="2_sa7he"]
[ext_resource type="Script" path="res://quests/collect_items.gd" id="2_ucnup"]
[ext_resource type="PackedScene" uid="uid://w2nb3hku11pg" path="res://ui/ui.tscn" id="2_xx607"]
[ext_resource type="Script" path="res://quests/waypoint_quest.gd" id="3_8mwjv"]
[ext_resource type="PackedScene" uid="uid://dpm6gklw5oqw1" path="res://islands/camellia/stage.tscn" id="4_mm0r7"]
[ext_resource type="Shader" path="res://islands/camellia/nightsky.gdshader" id="4_sb1mh"]
[ext_resource type="Texture2D" uid="uid://doon4ou12otrg" path="res://shared/sky/camellia/spacescape.exr" id="5_3mwxc"]
[ext_resource type="PackedScene" uid="uid://k0yj614d7e0f" path="res://islands/camellia/food_stall.tscn" id="6_6hpqe"]
[ext_resource type="Script" path="res://shared/collectible/collectible_grid_generator.gd" id="6_d7fbk"]
[ext_resource type="Script" path="res://quests/register_child_quests.gd" id="7_n4h0l"]
[ext_resource type="PackedScene" uid="uid://igunt2eyo7yq" path="res://shared/npc/npc_character.tscn" id="7_pm2ox"]
[ext_resource type="Script" path="res://quests/quest.gd" id="8_26f5k"]
[ext_resource type="PackedScene" uid="uid://bws7xcbhqw7y3" path="res://islands/camellia/table.tscn" id="10_hv8l1"]
[ext_resource type="PackedScene" uid="uid://dlce5qpaogob2" path="res://islands/camellia/microwave.tscn" id="10_ipgrb"]
[ext_resource type="MeshLibrary" uid="uid://c8ak2ul5co588" path="res://shared/collectible/stamp_mesh_library.tres" id="11_tttmk"]
[ext_resource type="PackedScene" uid="uid://bx7gx1d13p8nv" path="res://islands/camellia/minihira.tscn" id="14_snhn7"]
[ext_resource type="PackedScene" uid="uid://isobc4i517mw" path="res://islands/camellia/lantern_row.tscn" id="14_x6xk2"]
[ext_resource type="PackedScene" uid="uid://hov8yahtdh7r" path="res://islands/camellia/lantern_row_long.tscn" id="15_7t0o4"]
[ext_resource type="PackedScene" uid="uid://bpw21ckw5jd47" path="res://islands/camellia/island_shape.tscn" id="18_vepf8"]
[ext_resource type="PackedScene" uid="uid://mj4c1acfyvdr" path="res://islands/camellia/drums_minigame.tscn" id="20_guac5"]
[ext_resource type="PackedScene" uid="uid://blfqrqtiwme0w" path="res://shared/wind_drafts/wind_draft.tscn" id="21_h1233"]
[ext_resource type="PackedScene" uid="uid://ck18t7pi70ff0" path="res://shared/respawn_set/respawn_set.tscn" id="22_5yc33"]
[ext_resource type="PackedScene" uid="uid://chpm7gtdkg82g" path="res://shared/collectible/pineapple.tscn" id="22_8u5wj"]
[ext_resource type="PackedScene" uid="uid://cnwox3pxtd8mq" path="res://shared/collectible/pizza_dough.tscn" id="23_1wgd1"]
[ext_resource type="PackedScene" uid="uid://dc7lucsm6tcxv" path="res://shared/collect_rings/collect_ring.tscn" id="24_iqnl0"]
[ext_resource type="PackedScene" uid="uid://b4r8pfmbdo45j" path="res://shared/collectible/energylooper.tscn" id="27_rdjh3"]

[sub_resource type="SphereShape3D" id="SphereShape3D_yeaf8"]
radius = 2.03447

[sub_resource type="ShaderMaterial" id="ShaderMaterial_dwd1j"]
shader = ExtResource("4_sb1mh")
shader_parameter/rayleigh = 2.0
shader_parameter/rayleigh_color = Color(0.3, 0.405, 0.6, 1)
shader_parameter/mie = 0.005
shader_parameter/mie_eccentricity = 0.8
shader_parameter/mie_color = Color(0.69, 0.729, 0.812, 1)
shader_parameter/turbidity = 10.0
shader_parameter/sun_disk_scale = 1.0
shader_parameter/ground_color = Color(0.1, 0.07, 0.034, 1)
shader_parameter/exposure = 1.0
shader_parameter/night_sky_strength = 2.0
shader_parameter/night_sky_pow = 1.0
shader_parameter/night_sky = ExtResource("5_3mwxc")

[sub_resource type="Sky" id="Sky_ygrpd"]
sky_material = SubResource("ShaderMaterial_dwd1j")

[sub_resource type="Environment" id="Environment_xmast"]
background_mode = 2
sky = SubResource("Sky_ygrpd")
ambient_light_source = 3
ambient_light_color = Color(0.552941, 0.878431, 1, 1)
ambient_light_sky_contribution = 0.9
ambient_light_energy = 1.37
ssao_enabled = true
ssao_intensity = 3.0
ssao_power = 2.0
ssao_detail = 2.0

[sub_resource type="SphereShape3D" id="SphereShape3D_eondv"]
radius = 0.15

[sub_resource type="BoxShape3D" id="BoxShape3D_mx5in"]
size = Vector3(2.2, 1.75357, 2.2)

[sub_resource type="BoxShape3D" id="BoxShape3D_yhs3t"]
size = Vector3(2.65214, 1.99763, 2.60314)

[sub_resource type="BoxShape3D" id="BoxShape3D_7l7lx"]
size = Vector3(5.09094, 4.99251, 5.19703)

[sub_resource type="StandardMaterial3D" id="StandardMaterial3D_n7nnh"]
albedo_color = Color(0.180392, 0.188235, 0.188235, 1)

[sub_resource type="StandardMaterial3D" id="StandardMaterial3D_50wo2"]
albedo_color = Color(0.478431, 0.360784, 0.262745, 1)

[sub_resource type="StandardMaterial3D" id="StandardMaterial3D_6jei5"]
albedo_color = Color(0.454902, 0.454902, 0.454902, 1)

[sub_resource type="StandardMaterial3D" id="StandardMaterial3D_556kf"]
albedo_color = Color(0.454902, 0.454902, 0.454902, 1)

[sub_resource type="StandardMaterial3D" id="StandardMaterial3D_7uqup"]
albedo_color = Color(0.454902, 0.454902, 0.454902, 1)

[sub_resource type="BoxShape3D" id="BoxShape3D_84tc0"]
size = Vector3(1.31991, 1, 1.33797)

[sub_resource type="StandardMaterial3D" id="StandardMaterial3D_ri30p"]
albedo_color = Color(0.454902, 0.454902, 0.454902, 1)

[sub_resource type="StandardMaterial3D" id="StandardMaterial3D_1oyk7"]
albedo_color = Color(0.454902, 0.454902, 0.454902, 1)

[sub_resource type="StandardMaterial3D" id="StandardMaterial3D_mwyk0"]
albedo_color = Color(0.454902, 0.454902, 0.454902, 1)

[sub_resource type="StandardMaterial3D" id="StandardMaterial3D_j2mmt"]
albedo_color = Color(0.454902, 0.454902, 0.454902, 1)

[sub_resource type="StandardMaterial3D" id="StandardMaterial3D_5j1pk"]
albedo_color = Color(0.454902, 0.454902, 0.454902, 1)

[sub_resource type="StandardMaterial3D" id="StandardMaterial3D_ij086"]
albedo_color = Color(0.454902, 0.454902, 0.454902, 1)

[sub_resource type="StandardMaterial3D" id="StandardMaterial3D_fp1gt"]
albedo_color = Color(0.454902, 0.454902, 0.454902, 1)

[sub_resource type="StandardMaterial3D" id="StandardMaterial3D_7n8xq"]
albedo_color = Color(0.454902, 0.454902, 0.454902, 1)

[sub_resource type="StandardMaterial3D" id="StandardMaterial3D_ux7yt"]
albedo_color = Color(0.454902, 0.454902, 0.454902, 1)

[sub_resource type="StandardMaterial3D" id="StandardMaterial3D_3jg84"]
albedo_color = Color(0.454902, 0.454902, 0.454902, 1)

[sub_resource type="StandardMaterial3D" id="StandardMaterial3D_t4xbs"]
albedo_color = Color(0.454902, 0.454902, 0.454902, 1)

[sub_resource type="CylinderShape3D" id="CylinderShape3D_bq72g"]
height = 0.1
radius = 0.6

[sub_resource type="CylinderShape3D" id="CylinderShape3D_hijua"]
radius = 17.9888

[node name="World" type="Node3D"]
script = ExtResource("1_yfeo7")

[node name="Quests" type="Node3D" parent="."]
script = ExtResource("7_n4h0l")

[node name="camellia_collect_dough" type="Node" parent="Quests"]
script = ExtResource("2_ucnup")
collect_type = 4
quest_id = &"camellia_collect_dough"
description = "Q_COLLECT_DOUGH"

[node name="camellia_collect_pineapples" type="Node" parent="Quests"]
script = ExtResource("2_ucnup")
collect_type = 3
quest_id = &"camellia_collect_pineapples"
description = "Q_COLLECT_PINEAPPLES"

[node name="camellia_collect_pineapples_markers" type="Node" parent="Quests/camellia_collect_pineapples"]
script = ExtResource("3_8mwjv")
quest_id = &"camellia_collect_pineapples_markers"
description = "Q_COLLECT_PINEAPPLES_MARKERS"

[node name="CollisionShape3D" type="CollisionShape3D" parent="Quests/camellia_collect_pineapples/camellia_collect_pineapples_markers"]
transform = Transform3D(1, 0, 0, 0, 1, 0, 0, 0, 1, 10.6431, 0.980953, 1.72403)
shape = SubResource("SphereShape3D_yeaf8")

[node name="CollisionShape3D2" type="CollisionShape3D" parent="Quests/camellia_collect_pineapples/camellia_collect_pineapples_markers"]
transform = Transform3D(1, 0, 0, 0, 1, 0, 0, 0, 1, 14.9976, 2.3303, -1.56248)
shape = SubResource("SphereShape3D_yeaf8")

[node name="CollisionShape3D3" type="CollisionShape3D" parent="Quests/camellia_collect_pineapples/camellia_collect_pineapples_markers"]
transform = Transform3D(1, 0, 0, 0, 1, 0, 0, 0, 1, 15.5601, 1.66281, -15.1943)
shape = SubResource("SphereShape3D_yeaf8")

[node name="CollisionShape3D4" type="CollisionShape3D" parent="Quests/camellia_collect_pineapples/camellia_collect_pineapples_markers"]
transform = Transform3D(1, 0, 0, 0, 1, 0, 0, 0, 1, 41.5408, 14.129, -23.5468)
shape = SubResource("SphereShape3D_yeaf8")

[node name="minihira_blue" type="Node" parent="Quests"]
script = ExtResource("8_26f5k")
quest_id = &"minihira_blue"
description = "Blue Minihira wants Kassan's signature"

[node name="minihira_orange" type="Node" parent="Quests"]
script = ExtResource("8_26f5k")
quest_id = &"minihira_orange"
description = "Red Minihira wants more fire"

[node name="minihira_green" type="Node" parent="Quests"]
script = ExtResource("8_26f5k")
quest_id = &"minihira_green"
description = "Green Minihira wants some pizza"

[node name="minihira_yellow" type="Node" parent="Quests"]
script = ExtResource("8_26f5k")
quest_id = &"minihira_yellow"
description = "Yellow Minihira has the drumming highscore"

[node name="BGM" type="AudioStreamPlayer" parent="."]
stream = ExtResource("1_7dodf")

[node name="WorldEnvironment" type="WorldEnvironment" parent="."]
environment = SubResource("Environment_xmast")

[node name="UI" parent="." instance=ExtResource("2_xx607")]

[node name="DirectionalLight3D" type="DirectionalLight3D" parent="."]
transform = Transform3D(0.943505, -0.0327777, 0.329733, 0.00321903, 0.995955, 0.0897937, -0.331342, -0.0836594, 0.939794, 0, 4.00042, 0)
light_color = Color(0.94902, 0.701961, 0.486275, 1)
light_energy = 0.3
shadow_enabled = true

[node name="Player" parent="." node_paths=PackedStringArray("camera") instance=ExtResource("1_xo1hg")]
transform = Transform3D(-4.37114e-08, 0, -1, 0, 1, 0, 1, 0, -4.37114e-08, -5.21834, 0.0229262, 0.174051)
camera = NodePath("../Node3D/Camera3D")

[node name="Node3D" type="Node3D" parent="."]
transform = Transform3D(1, 0, 0, 0, 1, 0, 0, 0, 1, -9.18924, 1.90735e-06, -0.1276)

[node name="Camera3D" type="Camera3D" parent="Node3D" node_paths=PackedStringArray("target", "kinematic_body")]
transform = Transform3D(-1, 4.37114e-08, -7.57104e-08, 0, 0.866025, 0.5, 8.74228e-08, 0.5, -0.866025, 0, 1.14857, 0)
current = true
far = 300.0
script = ExtResource("2_sa7he")
target = NodePath("../../Player")
kinematic_body = NodePath("../CameraSafeArea")

[node name="CameraSafeArea" type="CharacterBody3D" parent="Node3D"]
transform = Transform3D(1, 0, 0, 0, 1, 0, 0, 0, 1, 0, 1.149, 0)
collision_layer = 0
collision_mask = 257
floor_constant_speed = true
platform_on_leave = 2

[node name="CollisionShape3D" type="CollisionShape3D" parent="Node3D/CameraSafeArea"]
shape = SubResource("SphereShape3D_eondv")

[node name="CollectibleGridMap" type="GridMap" parent="."]
mesh_library = ExtResource("11_tttmk")
cell_size = Vector3(0.2, 0.112, 0.2)
cell_center_x = false
cell_center_z = false
collision_layer = 0
collision_mask = 0
data = {
"cells": PackedInt32Array(1572864, 0, 1048577, 6815926, 41, 1, 4063441, 65417, 1, 4063441, 65419, 1, 589876, 7, 0, 589878, 8, 0, 589876, 9, 0, 1441867, 65529, 0, 1441866, 65527, 0, 1441865, 65529, 0, 1441860, 65534, 0, 1638475, 65497, 0, 1638475, 65496, 0, 852027, 4, 0, 1900618, 65515, 0, 1900618, 65514, 0, 1900618, 65513, 0, 1900618, 65512, 0, 1900618, 65511, 0, 1638475, 65495, 0, 1638475, 65494, 0, 1638475, 65493, 0, 1638475, 65492, 0, 1441868, 65464, 0, 1441868, 65465, 0, 1441868, 65466, 0, 1441868, 65467, 0, 1441868, 65468, 0, 1441868, 65469, 0, 4063439, 65413, 1, 4063439, 65414, 0, 4063439, 65415, 0, 4063439, 65416, 0)
}
script = ExtResource("6_d7fbk")
metadata/_editor_floor_ = Vector3(0, 62, 0)

[node name="FestivalArea" type="Node3D" parent="."]

[node name="NPCCharacter" parent="FestivalArea" node_paths=PackedStringArray("interact_point") instance=ExtResource("7_pm2ox")]
transform = Transform3D(-0.676863, 0, 0.736109, 0, 1, 0, -0.736109, 0, -0.676863, 4.05038, 4.76837e-07, -5.69054)
dialog_path = "res://dialogs/test2.dialogue"
interact_point = NodePath("Marker3D")
character = 12

[node name="Marker3D" type="Marker3D" parent="FestivalArea/NPCCharacter"]
transform = Transform3D(1, 0, 0, 0, 1, 0, 0, 0, 1, 0, 0.18, -0.25)

[node name="Pizzahira" parent="FestivalArea" instance=ExtResource("7_pm2ox")]
transform = Transform3D(0.758715, 0, 0.651423, 0, 1, 0, -0.651423, 0, 0.758715, 0.31632, 6.55651e-07, 6.35904)
dialog_path = "res://dialogs/camellia_world.dialogue"
dialog_entry = "pizza"
character = 6

[node name="Microwave" parent="FestivalArea" instance=ExtResource("10_ipgrb")]
transform = Transform3D(0.978133, 0, 0.20798, 0, 1, 0, -0.20798, 0, 0.978133, -0.126632, 0.20037, 6.32765)

[node name="Stage" parent="FestivalArea" instance=ExtResource("4_mm0r7")]

[node name="FullflavorGirl" parent="FestivalArea/Stage" instance=ExtResource("7_pm2ox")]
transform = Transform3D(1, 0, 0, 0, 1, 0, 0, 0, 1, 0, 0.4, 0)
dialog_path = "res://dialogs/camellia_world.dialogue"
dialog_entry = "fullflavor_girl"
character = 17

[node name="MinihiraBlue" parent="FestivalArea/Stage" node_paths=PackedStringArray("carry_area", "safe_area") instance=ExtResource("14_snhn7")]
transform = Transform3D(1, 0, 0, 0, 1, 0, 0, 0, 1, 0, 0.3, -1.238)
carry_area = NodePath("../CarryPlayerArea")
safe_area = NodePath("../SafeArea")
dialog_path = "res://dialogs/camellia_world.dialogue"
dialog_entry = "minihira_blue"
interact_range = 1.5
character = 18

[node name="MinihiraGreen" parent="FestivalArea/Stage" node_paths=PackedStringArray("carry_area", "safe_area") instance=ExtResource("14_snhn7")]
transform = Transform3D(-1, 0, -1.50996e-07, 0, 1, 0, 1.50996e-07, 0, -1, 0, 0.3, 1.262)
carry_area = NodePath("../CarryPlayerArea")
safe_area = NodePath("../SafeArea")
dialog_path = "res://dialogs/camellia_world.dialogue"
dialog_entry = "minihira_green"
interact_range = 1.5
character = 19

[node name="MinihiraOrange" parent="FestivalArea/Stage" node_paths=PackedStringArray("carry_area", "safe_area") instance=ExtResource("14_snhn7")]
transform = Transform3D(-4.37114e-08, 0, 1, 0, 1, 0, -1, 0, -4.37114e-08, -1.25, 0.3, 0.012)
carry_area = NodePath("../CarryPlayerArea")
safe_area = NodePath("../SafeArea")
dialog_path = "res://dialogs/camellia_world.dialogue"
dialog_entry = "minihira_orange"
interact_range = 1.5
character = 20

[node name="MinihiraYellow" parent="FestivalArea/Stage" node_paths=PackedStringArray("carry_area", "safe_area") instance=ExtResource("14_snhn7")]
transform = Transform3D(1.94707e-07, 0, -1, 0, 1, 0, 1, 0, 1.94707e-07, 1.25, 0.3, 0.0119999)
carry_area = NodePath("../CarryPlayerArea")
safe_area = NodePath("../SafeArea")
dialog_path = "res://dialogs/camellia_world.dialogue"
dialog_entry = "minihira_yellow"
interact_range = 1.5
character = 21

[node name="StaticBody3D" type="StaticBody3D" parent="FestivalArea/Stage"]

[node name="CollisionShape3D" type="CollisionShape3D" parent="FestivalArea/Stage/StaticBody3D"]
transform = Transform3D(1, 0, 0, 0, 1, 0, 0, 0, 1, 0, 0.621568, 0)
shape = SubResource("BoxShape3D_mx5in")

[node name="CarryPlayerArea" type="Area3D" parent="FestivalArea/Stage"]
transform = Transform3D(1, 0, 0, 0, 1, 0, 0, 0, 1, 0, 2.37044, 0)

[node name="CollisionShape3D" type="CollisionShape3D" parent="FestivalArea/Stage/CarryPlayerArea"]
transform = Transform3D(1, 0, 0, 0, 1, 0, 0, 0, 1, 0, 0.324343, 0)
shape = SubResource("BoxShape3D_yhs3t")

[node name="SafeArea" type="Area3D" parent="FestivalArea/Stage"]
transform = Transform3D(1, 0, 0, 0, 1, 0, 0, 0, 1, 0, 2.37044, 0)

[node name="CollisionShape3D" type="CollisionShape3D" parent="FestivalArea/Stage/SafeArea"]
transform = Transform3D(1, 0, 0, 0, 1, 0, 0, 0, 1, 0, -0.753165, 0)
shape = SubResource("BoxShape3D_7l7lx")

[node name="FoodStall" parent="FestivalArea" instance=ExtResource("6_6hpqe")]
transform = Transform3D(0.82534, 0, 0.564636, 0, 1, 0, -0.564636, 0, 0.82534, -4.99224, 4.76837e-07, 6.19689)

[node name="FoodStall2" parent="FestivalArea" instance=ExtResource("6_6hpqe")]
transform = Transform3D(0.82534, 0, 0.564636, 0, 1, 0, -0.564636, 0, 0.82534, -5.44842, 7.15256e-07, 5.53245)

[node name="FoodStall15" parent="FestivalArea" instance=ExtResource("6_6hpqe")]
transform = Transform3D(0.82534, 0, 0.564636, 0, 1, 0, -0.564636, 0, 0.82534, -5.9184, 4.76837e-07, 4.87292)

[node name="FoodStall16" parent="FestivalArea" instance=ExtResource("6_6hpqe")]
transform = Transform3D(0.82534, 0, 0.564636, 0, 1, 0, -0.564636, 0, 0.82534, -6.37458, 7.15256e-07, 4.20848)

[node name="FoodStall3" parent="FestivalArea" instance=ExtResource("6_6hpqe")]
transform = Transform3D(-0.74325, 0, -0.669014, 0, 1, 0, 0.669014, 0, -0.74325, 3.63572, 4.76837e-07, -6.34098)

[node name="FoodStall4" parent="FestivalArea" instance=ExtResource("6_6hpqe")]
transform = Transform3D(-0.74325, 0, -0.669014, 0, 1, 0, 0.669014, 0, -0.74325, 4.18136, 4.76837e-07, -5.73698)

[node name="FoodStall5" parent="FestivalArea" instance=ExtResource("6_6hpqe")]
transform = Transform3D(-0.74325, 0, -0.669014, 0, 1, 0, 0.669014, 0, -0.74325, 4.71392, 3.57628e-07, -5.12675)

[node name="FoodStall6" parent="FestivalArea" instance=ExtResource("6_6hpqe")]
transform = Transform3D(-0.752783, 0, 0.658269, 0, 1, 0, -0.658269, 0, -0.752783, 6.04223, 4.76837e-07, 4.22639)

[node name="FoodStall7" parent="FestivalArea" instance=ExtResource("6_6hpqe")]
transform = Transform3D(-0.752783, 0, 0.658269, 0, 1, 0, -0.658269, 0, -0.752783, 5.50118, 4.76837e-07, 4.85523)

[node name="FoodStall8" parent="FestivalArea" instance=ExtResource("6_6hpqe")]
transform = Transform3D(-0.752783, 0, 0.658269, 0, 1, 0, -0.658269, 0, -0.752783, 4.96081, 4.76837e-07, 5.48114)

[node name="FoodStall9" parent="FestivalArea" instance=ExtResource("6_6hpqe")]
transform = Transform3D(-0.752783, 0, 0.658269, 0, 1, 0, -0.658269, 0, -0.752783, 4.41905, 5.96046e-07, 6.09849)

[node name="GameStall" parent="FestivalArea" instance=ExtResource("6_6hpqe")]
transform = Transform3D(0.61573, 0, -0.787957, 0, 1, 0, 0.787957, 0, 0.61573, -5.35455, 4.76837e-07, -4.12899)

[node name="NPCCharacter" parent="FestivalArea/GameStall" node_paths=PackedStringArray("interact_point") instance=ExtResource("7_pm2ox")]
transform = Transform3D(-8.9407e-08, 0, -1, 0, 1, 0, 1, 0, -8.9407e-08, 0.119583, 0.00999922, 0.025568)
dialog_path = "res://dialogs/camellia_world.dialogue"
dialog_entry = "drums_minigame"
interact_point = NodePath("Marker3D")
character = 16

[node name="Marker3D" type="Marker3D" parent="FestivalArea/GameStall/NPCCharacter"]
transform = Transform3D(1, 0, -2.98023e-08, 0, 1, 0, 2.98023e-08, 0, 1, 7.15256e-07, 0.183863, -0.315598)

[node name="GameStall2" parent="FestivalArea" instance=ExtResource("6_6hpqe")]
transform = Transform3D(0.61573, 0, -0.787957, 0, 1, 0, 0.787957, 0, 0.61573, -4.705, 4.76837e-07, -4.645)

[node name="GameStall3" parent="FestivalArea" instance=ExtResource("6_6hpqe")]
transform = Transform3D(0.61573, 0, -0.787957, 0, 1, 0, 0.787957, 0, 0.61573, -4.05667, 4.76837e-07, -5.15826)

[node name="GameStall4" parent="FestivalArea" instance=ExtResource("6_6hpqe")]
transform = Transform3D(0.61573, 0, -0.787957, 0, 1, 0, 0.787957, 0, 0.61573, -3.4086, 5.96046e-07, -5.66286)

[node name="GameStall5" parent="FestivalArea" instance=ExtResource("6_6hpqe")]
transform = Transform3D(0.61573, 0, -0.787957, 0, 1, 0, 0.787957, 0, 0.61573, -2.76159, 7.15256e-07, -6.1664)

[node name="Table" parent="FestivalArea" instance=ExtResource("10_hv8l1")]
transform = Transform3D(1, 0, 0, 0, 1, 0, 0, 0, 1, -2.3445, 1.09896e-07, 4.13821)

[node name="Table2" parent="FestivalArea" instance=ExtResource("10_hv8l1")]
transform = Transform3D(1, 0, 0, 0, 1, 0, 0, 0, 1, -1.01873, 1.09896e-07, 4.12664)

[node name="Table3" parent="FestivalArea" instance=ExtResource("10_hv8l1")]
transform = Transform3D(1, 0, 0, 0, 1, 0, 0, 0, 1, 0.408946, -1.28523e-07, 4.14241)

[node name="Table4" parent="FestivalArea" instance=ExtResource("10_hv8l1")]
transform = Transform3D(1, 0, 0, 0, 1, 0, 0, 0, 1, 2.01309, -3.66941e-07, 4.06899)

[node name="Table5" parent="FestivalArea" instance=ExtResource("10_hv8l1")]
transform = Transform3D(1, 0, 0, 0, 1, 0, 0, 0, 1, -1.57227, -6.0536e-07, 5.99944)

[node name="Table6" parent="FestivalArea" instance=ExtResource("10_hv8l1")]
transform = Transform3D(1, 0, 0, 0, 1, 0, 0, 0, 1, -0.191504, -3.66941e-07, 6.05283)

[node name="Table7" parent="FestivalArea" instance=ExtResource("10_hv8l1")]
transform = Transform3D(1, 0, 0, 0, 1, 0, 0, 0, 1, 1.21689, -1.28523e-07, 6.00488)

[node name="Table8" parent="FestivalArea" instance=ExtResource("10_hv8l1")]
transform = Transform3D(1, 0, 0, 0, 1, 0, 0, 0, 1, -1.50426, 1.09896e-07, -4.3849)

[node name="Table9" parent="FestivalArea" instance=ExtResource("10_hv8l1")]
transform = Transform3D(1, 0, 0, 0, 1, 0, 0, 0, 1, -0.0171494, 3.48315e-07, -4.37886)

[node name="Table10" parent="FestivalArea" instance=ExtResource("10_hv8l1")]
transform = Transform3D(1, 0, 0, 0, 1, 0, 0, 0, 1, 1.35966, 3.48315e-07, -4.34633)

[node name="Table11" parent="FestivalArea" instance=ExtResource("10_hv8l1")]
transform = Transform3D(1, 0, 0, 0, 1, 0, 0, 0, 1, 0.676062, 3.48315e-07, -5.87348)

[node name="Table12" parent="FestivalArea" instance=ExtResource("10_hv8l1")]
transform = Transform3D(1, 0, 0, 0, 1, 0, 0, 0, 1, -0.642793, 3.48315e-07, -5.98051)

[node name="Table13" parent="FestivalArea" instance=ExtResource("10_hv8l1")]
transform = Transform3D(-4.37114e-08, 0, -1, 0, 1, 0, 1, 0, -4.37114e-08, 4.76956, 2.29105e-07, 1.79801)

[node name="Table14" parent="FestivalArea" instance=ExtResource("10_hv8l1")]
transform = Transform3D(-4.37114e-08, 0, -1, 0, 1, 0, 1, 0, -4.37114e-08, 4.76548, 2.29105e-07, -2.02246)

[node name="CSGPolygon3D" type="CSGPolygon3D" parent="FestivalArea"]
transform = Transform3D(1, 0, 0, 0, -4.37114e-08, 1, 0, -1, -4.37114e-08, 0, 0.01, 0)
use_collision = true
polygon = PackedVector2Array(-6.98164, 1.82942, -6.23596, 4.74113, -4.38951, 6.97818, -1.76186, 8.43403, 0.475186, 8.78912, 2.39265, 8.04344, 5.65946, 7.33326, 6.83124, 5.34478, 8.2871, 4.38604, 9.74295, 2.14899, 11.5184, 0.835173, 12.9032, -1.04679, 12.6902, -3.21282, 10.9502, -5.30783, 8.60668, -6.37309, 6.90226, -6.44411, 5.09132, -7.65141, 2.1796, -8.042, -2.22348, -7.36734, -4.06993, -7.65141, -6.44901, -6.87021, -7.97588, -4.49113, -7.76283, -2.00552, -7.08817, -0.833736, -6.73308, 0.586612)
depth = 0.1
material = SubResource("StandardMaterial3D_n7nnh")

[node name="Lanterns" type="Node3D" parent="FestivalArea"]

[node name="Node3D2" parent="FestivalArea/Lanterns" instance=ExtResource("14_x6xk2")]
transform = Transform3D(1, 0, 0, 0, 1, 0, 0, 0, 1, 2, 1.3863, 0)

[node name="Node3D3" parent="FestivalArea/Lanterns" instance=ExtResource("14_x6xk2")]
transform = Transform3D(1, 0, 0, 0, 1, 0, 0, 0, 1, -2, 1.386, 0)

[node name="Node3D4" parent="FestivalArea/Lanterns" instance=ExtResource("14_x6xk2")]
transform = Transform3D(1, 0, 0, 0, 1, 0, 0, 0, 1, -6, 1.386, 0)

[node name="Node3D5" parent="FestivalArea/Lanterns" instance=ExtResource("14_x6xk2")]
transform = Transform3D(1, 0, 0, 0, 1, 0, 0, 0, 1, 6, 1.386, 0)

[node name="Node3D14" parent="FestivalArea/Lanterns" instance=ExtResource("14_x6xk2")]
transform = Transform3D(1, 0, 0, 0, 1, 0, 0, 0, 1, 2, 1.386, 4)

[node name="Node3D15" parent="FestivalArea/Lanterns" instance=ExtResource("14_x6xk2")]
transform = Transform3D(1, 0, 0, 0, 1, 0, 0, 0, 1, 2, 1.386, -4)

[node name="Node3D16" parent="FestivalArea/Lanterns" instance=ExtResource("14_x6xk2")]
transform = Transform3D(1, 0, 0, 0, 1, 0, 0, 0, 1, -2, 1.386, -4)

[node name="Node3D17" parent="FestivalArea/Lanterns" instance=ExtResource("14_x6xk2")]
transform = Transform3D(1, 0, 0, 0, 1, 0, 0, 0, 1, -2, 1.386, 4)

[node name="Node3D6" parent="FestivalArea/Lanterns" instance=ExtResource("14_x6xk2")]
transform = Transform3D(-4.37114e-08, 0, 1, 0, 1, 0, -1, 0, -4.37114e-08, 0, 1.386, 2)

[node name="Node3D7" parent="FestivalArea/Lanterns" instance=ExtResource("14_x6xk2")]
transform = Transform3D(-4.37114e-08, 0, 1, 0, 1, 0, -1, 0, -4.37114e-08, 0, 1.386, 6)

[node name="Node3D8" parent="FestivalArea/Lanterns" instance=ExtResource("14_x6xk2")]
transform = Transform3D(-4.37114e-08, 0, 1, 0, 1, 0, -1, 0, -4.37114e-08, 0, 1.386, -6)

[node name="Node3D9" parent="FestivalArea/Lanterns" instance=ExtResource("14_x6xk2")]
transform = Transform3D(-4.37114e-08, 0, 1, 0, 1, 0, -1, 0, -4.37114e-08, 4, 1.386, -2)

[node name="Node3D10" parent="FestivalArea/Lanterns" instance=ExtResource("14_x6xk2")]
transform = Transform3D(-4.37114e-08, 0, 1, 0, 1, 0, -1, 0, -4.37114e-08, 0, 1.386, -2)

[node name="Node3D11" parent="FestivalArea/Lanterns" instance=ExtResource("14_x6xk2")]
transform = Transform3D(-4.37114e-08, 0, 1, 0, 1, 0, -1, 0, -4.37114e-08, -4, 1.386, -2)

[node name="Node3D12" parent="FestivalArea/Lanterns" instance=ExtResource("14_x6xk2")]
transform = Transform3D(-4.37114e-08, 0, 1, 0, 1, 0, -1, 0, -4.37114e-08, -4, 1.386, 2)

[node name="Node3D13" parent="FestivalArea/Lanterns" instance=ExtResource("14_x6xk2")]
transform = Transform3D(-4.37114e-08, 0, 1, 0, 1, 0, -1, 0, -4.37114e-08, 4, 1.386, 2)

[node name="LongEdge" parent="FestivalArea/Lanterns" instance=ExtResource("15_7t0o4")]
transform = Transform3D(0.707107, 0, 0.707107, 0, 1, 0, -0.707107, 0, 0.707107, -4, 1.386, 4)

[node name="LongEdge2" parent="FestivalArea/Lanterns" instance=ExtResource("15_7t0o4")]
transform = Transform3D(0.707107, 0, -0.707107, 0, 1, 0, 0.707107, 0, 0.707107, 4, 1.386, 4)

[node name="LongEdge4" parent="FestivalArea/Lanterns" instance=ExtResource("15_7t0o4")]
transform = Transform3D(0.707107, 0, -0.707107, 0, 1, 0, 0.707107, 0, 0.707107, -4, 1.386, -4)

[node name="LongEdge3" parent="FestivalArea/Lanterns" instance=ExtResource("15_7t0o4")]
transform = Transform3D(0.707107, 0, 0.707107, 0, 1, 0, -0.707107, 0, 0.707107, 4, 1.386, -4)

[node name="Pole" type="CSGBox3D" parent="FestivalArea/Lanterns"]
transform = Transform3D(1, 0, 0, 0, 1, 0, 0, 0, 1, 2, 0.7, 2)
use_collision = true
size = Vector3(0.05, 1.4, 0.05)
material = SubResource("StandardMaterial3D_50wo2")

[node name="Pole2" type="CSGBox3D" parent="FestivalArea/Lanterns"]
transform = Transform3D(1, 0, 0, 0, 1, 0, 0, 0, 1, 2, 0.7, -2)
use_collision = true
size = Vector3(0.05, 1.4, 0.05)
material = SubResource("StandardMaterial3D_50wo2")

[node name="Pole3" type="CSGBox3D" parent="FestivalArea/Lanterns"]
transform = Transform3D(1, 0, 0, 0, 1, 0, 0, 0, 1, -2, 0.7, -2)
use_collision = true
size = Vector3(0.05, 1.4, 0.05)
material = SubResource("StandardMaterial3D_50wo2")

[node name="Pole4" type="CSGBox3D" parent="FestivalArea/Lanterns"]
transform = Transform3D(1, 0, 0, 0, 1, 0, 0, 0, 1, -2, 0.7, 2)
use_collision = true
size = Vector3(0.05, 1.4, 0.05)
material = SubResource("StandardMaterial3D_50wo2")

[node name="Pole5" type="CSGBox3D" parent="FestivalArea/Lanterns"]
transform = Transform3D(1, 0, 0, 0, 1, 0, 0, 0, 1, -6, 0.7, 2)
use_collision = true
size = Vector3(0.05, 1.4, 0.05)
material = SubResource("StandardMaterial3D_50wo2")

[node name="Pole6" type="CSGBox3D" parent="FestivalArea/Lanterns"]
transform = Transform3D(1, 0, 0, 0, 1, 0, 0, 0, 1, -6, 0.7, -2)
use_collision = true
size = Vector3(0.05, 1.4, 0.05)
material = SubResource("StandardMaterial3D_50wo2")

[node name="Pole7" type="CSGBox3D" parent="FestivalArea/Lanterns"]
transform = Transform3D(1, 0, 0, 0, 1, 0, 0, 0, 1, 6, 0.7, -2)
use_collision = true
size = Vector3(0.05, 1.4, 0.05)
material = SubResource("StandardMaterial3D_50wo2")

[node name="Pole8" type="CSGBox3D" parent="FestivalArea/Lanterns"]
transform = Transform3D(1, 0, 0, 0, 1, 0, 0, 0, 1, 6, 0.7, 2)
use_collision = true
size = Vector3(0.05, 1.4, 0.05)
material = SubResource("StandardMaterial3D_50wo2")

[node name="Pole9" type="CSGBox3D" parent="FestivalArea/Lanterns"]
transform = Transform3D(1, 0, 0, 0, 1, 0, 0, 0, 1, 2, 0.7, 6)
use_collision = true
size = Vector3(0.05, 1.4, 0.05)
material = SubResource("StandardMaterial3D_50wo2")

[node name="Pole10" type="CSGBox3D" parent="FestivalArea/Lanterns"]
transform = Transform3D(1, 0, 0, 0, 1, 0, 0, 0, 1, -2, 0.7, 6)
use_collision = true
size = Vector3(0.05, 1.4, 0.05)
material = SubResource("StandardMaterial3D_50wo2")

[node name="Pole11" type="CSGBox3D" parent="FestivalArea/Lanterns"]
transform = Transform3D(1, 0, 0, 0, 1, 0, 0, 0, 1, -2, 0.7, -6)
use_collision = true
size = Vector3(0.05, 1.4, 0.05)
material = SubResource("StandardMaterial3D_50wo2")

[node name="Pole12" type="CSGBox3D" parent="FestivalArea/Lanterns"]
transform = Transform3D(1, 0, 0, 0, 1, 0, 0, 0, 1, 2, 0.7, -6)
use_collision = true
size = Vector3(0.05, 1.4, 0.05)
material = SubResource("StandardMaterial3D_50wo2")

[node name="Stones" type="Node3D" parent="."]

[node name="CSGBox3D" type="CSGBox3D" parent="Stones"]
transform = Transform3D(0.965926, 0, -0.258819, 0, 1, 0, 0.258819, 0, 0.965926, 10.6297, 0.459137, 1.70923)
use_collision = true
material = SubResource("StandardMaterial3D_6jei5")

[node name="CSGBox3D3" type="CSGBox3D" parent="Stones"]
transform = Transform3D(0.866025, 0, 0.5, 0, 1, 0, -0.5, 0, 0.866025, 14.988, 1.08476, -1.55787)
use_collision = true
size = Vector3(1, 2.5789, 1)
material = SubResource("StandardMaterial3D_556kf")

[node name="CSGBox3D2" type="CSGBox3D" parent="Stones"]
transform = Transform3D(1, 0, 0, 0, 1, 0, 0, 0, 1, 15.4811, 0.515989, -15.0614)
use_collision = true
size = Vector3(1.5, 2.254, 1.5)
material = SubResource("StandardMaterial3D_7uqup")

[node name="RespawnSetter" parent="Stones/CSGBox3D2" instance=ExtResource("22_5yc33")]
transform = Transform3D(1, 0, 0, 0, 1, 0, 0, 0, 1, 0, 1.32463, 0)

[node name="CollisionShape3D" type="CollisionShape3D" parent="Stones/CSGBox3D2/RespawnSetter"]
shape = SubResource("BoxShape3D_84tc0")

[node name="CSGBox3D4" type="CSGBox3D" parent="Stones"]
transform = Transform3D(0.707107, 0.707107, 0, -0.5, 0.5, 0.707107, 0.5, -0.5, 0.707107, 28.4632, -0.3228, -42.2739)
use_collision = true
size = Vector3(1, 0.907241, 1)
material = SubResource("StandardMaterial3D_ri30p")

[node name="CSGBox3D10" type="CSGBox3D" parent="Stones"]
transform = Transform3D(0.854636, 0.152893, 0.496207, -0.5, 0.5, 0.707107, -0.139992, -0.852422, 0.503764, 34.9363, -0.3228, -57.2574)
use_collision = true
size = Vector3(1, 0.907241, 1)
material = SubResource("StandardMaterial3D_ri30p")

[node name="CSGBox3D17" type="CSGBox3D" parent="Stones"]
transform = Transform3D(-0.305445, 0.662211, -0.684236, -0.5, 0.5, 0.707107, 0.810372, 0.5581, 0.178383, 59.1898, -0.3228, -41.6836)
use_collision = true
size = Vector3(1, 0.907241, 1)
material = SubResource("StandardMaterial3D_ri30p")

[node name="CSGBox3D18" type="CSGBox3D" parent="Stones"]
transform = Transform3D(0.811057, -0.0159059, 0.584751, -0.5, 0.5, 0.707107, -0.303623, -0.865879, 0.397575, 33.422, -0.3228, -33.4448)
use_collision = true
size = Vector3(1, 0.907241, 1)
material = SubResource("StandardMaterial3D_ri30p")

[node name="CSGBox3D7" type="CSGBox3D" parent="Stones"]
transform = Transform3D(1, 0, 0, 0, 1, 0, 0, 0, 1, 49.6917, -0.153781, -33.3493)
use_collision = true
size = Vector3(1, 2.88651, 1)
material = SubResource("StandardMaterial3D_1oyk7")

[node name="CSGBox3D9" type="CSGBox3D" parent="Stones"]
transform = Transform3D(1, 0, 0, 0, 1, 0, 0, 0, 1, 49.4304, 1.94067, -33.2273)
use_collision = true
size = Vector3(0.452313, 1.33438, 0.757318)
material = SubResource("StandardMaterial3D_mwyk0")

[node name="CSGBox3D8" type="CSGBox3D" parent="Stones"]
transform = Transform3D(1, 0, 0, 0, 1, 0, 0, 0, 1, 43.1478, 1.47373, -6.79884)
use_collision = true
size = Vector3(1, 4.31031, 1)
material = SubResource("StandardMaterial3D_j2mmt")

[node name="CSGPolygon3D" type="CSGPolygon3D" parent="Stones/CSGBox3D8"]
transform = Transform3D(-4.37114e-08, 0, 1, 0, 1, 0, -1, 0, -4.37114e-08, 0.5, 2.15597, 0.5)
polygon = PackedVector2Array(0, 0, 0, 1, 1, 0, 1, 0)
material = SubResource("StandardMaterial3D_5j1pk")

[node name="CSGBox3D6" type="CSGBox3D" parent="Stones"]
transform = Transform3D(-0.5, 0, -0.866025, 0, 1, 0, 0.866025, 0, -0.5, 32.3325, 4.21917, -11.8531)
use_collision = true
size = Vector3(1, 9.74826, 1)
material = SubResource("StandardMaterial3D_ij086")

[node name="CSGBox3D10" type="CSGBox3D" parent="Stones/CSGBox3D6"]
transform = Transform3D(1, 0, 0, 0, 1, 0, 0, 0, 1, -0.7208, -1.21481, 0.0237026)
use_collision = true
size = Vector3(0.451132, 7.24234, 1)
material = SubResource("StandardMaterial3D_fp1gt")

[node name="CSGBox3D11" type="CSGBox3D" parent="Stones/CSGBox3D6"]
transform = Transform3D(-1.19209e-07, 0, 1, 0, 1, 0, -1, 0, -1.19209e-07, 0.301641, -0.21481, 0.592335)
use_collision = true
size = Vector3(0.451132, 8.79698, 1)
material = SubResource("StandardMaterial3D_fp1gt")

[node name="CSGBox3D11" type="CSGBox3D" parent="Stones"]
transform = Transform3D(1, 0, 0, 0, 1, 0, 0, 0, 1, 36.3604, 5.52429, 8.22005)
use_collision = true
size = Vector3(1, 11.9741, 1)
material = SubResource("StandardMaterial3D_7n8xq")

[node name="CSGBox3D5" type="CSGBox3D" parent="Stones"]
transform = Transform3D(0.965926, 0, -0.258819, 0, 1, 0, 0.258819, 0, 0.965926, 24.3561, 2.27221, -35.2215)
use_collision = true
size = Vector3(2, 6.41, 2)
material = SubResource("StandardMaterial3D_ux7yt")

[node name="RespawnSetter" parent="Stones/CSGBox3D5" instance=ExtResource("22_5yc33")]
transform = Transform3D(1, 0, 1.49012e-08, 0, 1, 0, -1.49012e-08, 0, 1, 0, 3.41085, 0)

[node name="CollisionShape3D" type="CollisionShape3D" parent="Stones/CSGBox3D5/RespawnSetter"]
shape = SubResource("BoxShape3D_84tc0")

[node name="CSGBox3D12" type="CSGBox3D" parent="Stones"]
transform = Transform3D(0.866025, 0, 0.5, 0, 1, 0, -0.5, 0, 0.866025, 20.0347, 1.77798, -61.0073)
use_collision = true
size = Vector3(2, 7.691, 2)
material = SubResource("StandardMaterial3D_3jg84")

[node name="RespawnSetter" parent="Stones/CSGBox3D12" instance=ExtResource("22_5yc33")]
transform = Transform3D(1, 0, 0, 0, 1, 0, 0, 0, 1, 0, 3.94665, 0)

[node name="CollisionShape3D" type="CollisionShape3D" parent="Stones/CSGBox3D12/RespawnSetter"]
shape = SubResource("BoxShape3D_84tc0")

[node name="CSGBox3D13" type="CSGBox3D" parent="Stones"]
transform = Transform3D(0.866025, 0, 0.5, 0, 1, 0, -0.5, 0, 0.866025, 28.4885, 2.1833, -68.374)
use_collision = true
size = Vector3(2, 9.624, 2)
material = SubResource("StandardMaterial3D_3jg84")

[node name="CSGBox3D14" type="CSGBox3D" parent="Stones/CSGBox3D13"]
transform = Transform3D(0.996195, 0.0871557, 0, -0.0871557, 0.996195, 0, 0, 0, 1, -0.835838, -0.798939, 1.52588e-05)
use_collision = true
size = Vector3(2, 9.624, 1.62388)
material = SubResource("StandardMaterial3D_3jg84")

[node name="RespawnSetter" parent="Stones/CSGBox3D13" instance=ExtResource("22_5yc33")]
transform = Transform3D(1, 0, 0, 0, 1, 0, 0, 0, 1, 0, 4.93126, 0)

[node name="CollisionShape3D" type="CollisionShape3D" parent="Stones/CSGBox3D13/RespawnSetter"]
shape = SubResource("BoxShape3D_84tc0")

[node name="CSGBox3D15" type="CSGBox3D" parent="Stones"]
transform = Transform3D(-5.96046e-08, 0, -1, 0, 1, 0, 1, 0, -5.96046e-08, 56.9108, 2.1833, -30.0078)
use_collision = true
size = Vector3(2, 9.624, 2)
material = SubResource("StandardMaterial3D_3jg84")

[node name="RespawnSetter" parent="Stones/CSGBox3D15" instance=ExtResource("22_5yc33")]
transform = Transform3D(1, 0, 0, 0, 1, 0, 0, 0, 1, 0, 4.93126, 0)

[node name="CollisionShape3D" type="CollisionShape3D" parent="Stones/CSGBox3D15/RespawnSetter"]
shape = SubResource("BoxShape3D_84tc0")

[node name="CSGBox3D25" type="CSGBox3D" parent="Stones"]
transform = Transform3D(-0.932456, 0, 0.361283, 0, 1, 0, -0.361283, 0, -0.932456, 41.6513, 6.12127, -23.5404)
use_collision = true
size = Vector3(2, 13.4427, 2)
material = SubResource("StandardMaterial3D_t4xbs")

[node name="CSGPolygon3D2" type="CSGPolygon3D" parent="Stones/CSGBox3D25"]
transform = Transform3D(2.38419e-06, -0.999993, 0.0035804, -0.00138722, -0.00358043, -0.999993, 0.999999, -2.41399e-06, -0.00138723, 0.79501, 0.285176, 0.0782318)
operation = 2
polygon = PackedVector2Array(0.002491, -1.68724, -2.54712, 3.3273, 2.04399, 0.145163)
depth = 2.0
material = SubResource("StandardMaterial3D_5j1pk")

[node name="RespawnSetter" parent="Stones/CSGBox3D25" instance=ExtResource("22_5yc33")]
transform = Transform3D(1, 0, 0, 0, 1, 0, 0, 0, 1, 0, 6.9176, 0)

[node name="CollisionShape3D" type="CollisionShape3D" parent="Stones/CSGBox3D25/RespawnSetter"]
shape = SubResource("BoxShape3D_84tc0")

[node name="island_shape" parent="." instance=ExtResource("18_vepf8")]

[node name="DrumsMinigame" parent="." instance=ExtResource("20_guac5")]
visible = false

[node name="WindDraft" parent="." instance=ExtResource("21_h1233")]
transform = Transform3D(1, 0, 0, 0, 1, 0, 0, 0, 1, 20.1435, 0, -23.6612)

[node name="WindDraft3" parent="." instance=ExtResource("21_h1233")]
transform = Transform3D(1, 0, 0, 0, 1, 0, 0, 0, 1, 22.5468, -0.101525, -48.248)

[node name="WindDraft4" parent="." instance=ExtResource("21_h1233")]
transform = Transform3D(1, 0, 0, 0, 1, 0, 0, 0, 1, 39.0766, 6.28655, -67.5365)

[node name="WindDraft5" parent="." instance=ExtResource("21_h1233")]
transform = Transform3D(1, 0, 0, 0, 1, 0, 0, 0, 1, 58.5325, 6.28655, -52.1312)

[node name="WindDraft2" parent="." instance=ExtResource("21_h1233")]
transform = Transform3D(1, 0, 0, 0, 1, 0, 0, 0, 1, 49.7102, 5.65142, -25.9396)

[node name="WindDraft6" parent="." instance=ExtResource("21_h1233")]
transform = Transform3D(1, 0, 0, 0, 1, 0, 0, 0, 1, 29.2902, 14.4197, -16.1615)

[node name="WindDraft7" parent="." instance=ExtResource("21_h1233")]
transform = Transform3D(1, 0, 0, 0, 1, 0, 0, 0, 1, 36.9646, 9.26412, -3.74068)

[node name="CollectRing2" parent="." instance=ExtResource("24_iqnl0")]
transform = Transform3D(0.894225, -0.447619, 1.9566e-08, 0, -4.37114e-08, -1, 0.447619, 0.894225, -3.90878e-08, 18.2966, 2.94966, -20.3161)

[node name="CollectRing3" parent="." instance=ExtResource("24_iqnl0")]
transform = Transform3D(0.956585, -0.291454, 1.27399e-08, 0, -4.37114e-08, -1, 0.291454, 0.956585, -4.18137e-08, 21.8967, 7.2838, -27.77)

[node name="CollectRing" parent="." instance=ExtResource("24_iqnl0")]
transform = Transform3D(0.995116, 0.0987118, -4.31483e-09, 1.10955e-16, -4.37114e-08, -1, -0.0987118, 0.995116, -4.34979e-08, 23.5374, 6.30489, -39.4987)

[node name="CollectRing4" parent="." instance=ExtResource("24_iqnl0")]
transform = Transform3D(0.995116, 0.0987118, -4.31483e-09, 1.10955e-16, -4.37114e-08, -1, -0.0987118, 0.995116, -4.34979e-08, 23.5374, 5.13725, -43.9668)

[node name="CollectRing5" parent="." instance=ExtResource("24_iqnl0")]
transform = Transform3D(0.973139, 0.23022, -1.00632e-08, 1.10955e-16, -4.37114e-08, -1, -0.23022, 0.973139, -4.25373e-08, 21.5928, 7.38171, -54.0739)

[node name="CollectRing6" parent="." instance=ExtResource("24_iqnl0")]
transform = Transform3D(0.655848, -0.754893, 3.29974e-08, 1.10955e-16, -4.37114e-08, -1, 0.754893, 0.655848, -2.8668e-08, 23.3379, 7.52706, -63.861)

[node name="CollectRing7" parent="." instance=ExtResource("24_iqnl0")]
transform = Transform3D(0.655848, -0.754893, 3.29974e-08, 1.10955e-16, -4.37114e-08, -1, 0.754893, 0.655848, -2.8668e-08, 25.8538, 7.52706, -66.0479)

[node name="CollectRing8" parent="." instance=ExtResource("24_iqnl0")]
transform = Transform3D(0.000523627, -1, 4.37114e-08, 1.10955e-16, -4.37114e-08, -1, 1, 0.000523627, -2.28848e-11, 35.3692, 8.29941, -67.9526)

[node name="CollectRing9" parent="." instance=ExtResource("24_iqnl0")]
transform = Transform3D(-0.442226, -0.896904, 3.92049e-08, 1.10955e-16, -4.37114e-08, -1, 0.896904, -0.442226, 1.93303e-08, 44.3433, 13.2792, -64.4385)

